{"__metadata__":{"format":"assimp2json","version":100},"rootnode":{"name":"RootNode","transformation":[1,0,0,0,0,1,0,0,0,0,1,0,0,0,0,1],"children":[{"name":"mixamorig:Hips","transformation":[1,0,0,0,0,1,0,69.7767,0,0,1,0,0,0,0,1],"children":[{"name":"mixamorig:Spine_$AssimpFbx$_Translation","transformation":[1,0,0,0,0,1,0,3.9624,0,0,1,-0.2743,0,0,0,1],"children":[{"name":"mixamorig:Spine_$AssimpFbx$_PreRotation","transformation":[1,0,0,0,0,0.999144,0.0413647,0,0,-0.0413647,0.999144,0,0,0,0,1],"children":[{"name":"mixamorig:Spine","transformation":[1,0,0,0,0,1,0,0,0,0,1,0,0,0,0,1],"children":[{"name":"mixamorig:Spine1","transformation":[1,0,0,0,0,1,0,14.1233,0,0,1,0.2644,0,0,0,1],"children":[{"name":"mixamorig:Spine2","transformation":[1,0,0,0,0,1,0,11.4045,0,0,1,0.1061,0,0,0,1],"children":[{"name":"mixamorig:Neck_$AssimpFbx$_Translation","transformation":[1,0,0,0,0,1,0,9.9467,0,0,1,-0,0,0,0,1],"children":[{"name":"mixamorig:Neck_$AssimpFbx$_PreRotation","transformation":[1,0,0,0,0,0.999144,-0.0413647,0,0,0.0413647,0.999144,0,0,0,0,1],"children":[{"name":"mixamorig:Neck","transformation":[1,0,0,0,0,1,0,0,0,0,1,0,0,0,0,1],"children":[{"name":"mixamorig:Head","transformation":[1,0,0,0,0,1,0,8.5791,0,0,1,0.1142,0,0,0,1],"children":[{"name":"mixamorig:HeadTop_End","transformation":[1,0,0,0,0,1,0,25.0891,0,0,1,0.3339,0,0,0,1]}]}]}]}]},{"name":"mixamorig:LeftShoulder_$AssimpFbx$_Translation","transformation":[1,0,0,4.2241,0,1,0,8.8984,0,0,1,-0.0566,0,0,0,1],"children":[{"name":"mixamorig:LeftShoulder_$AssimpFbx$_PreRotation","transformation":[-0.0131448,0.971718,-0.235776,0,-0.000122193,-0.235798,-0.971802,0,-0.999914,-0.0127453,0.00321825,0,0,0,0,1],"children":[{"name":"mixamorig:LeftShoulder_$AssimpFbx$_Rotation","transformation":[1,7.41093e-05,5.02486e-06,0,-7.41006e-05,0.999999,-0.00170533,0,-5.15123e-06,0.00170533,0.999999,0,0,0,0,1],"children":[{"name":"mixamorig:LeftShoulder","transformation":[1,0,0,0,0,1,0,0,0,0,1,0,0,0,0,1],"children":[{"name":"mixamorig:LeftArm_$AssimpFbx$_Translation","transformation":[1,0,0,-0,0,1,0,8.861,0,0,1,-0,0,0,0,1],"children":[{"name":"mixamorig:LeftArm_$AssimpFbx$_PreRotation","transformation":[0.999397,-0.033793,-0.00799144,0,0.0347251,0.972572,0.229996,0,0,-0.230135,0.973159,0,0,0,0,1],"children":[{"name":"mixamorig:LeftArm_$AssimpFbx$_Rotation","transformation":[0.999789,0.0205213,6.28927e-06,0,-0.0205207,0.999761,0.00755717,0,0.000148795,-0.00755571,0.999971,0,0,0,0,1],"children":[{"name":"mixamorig:LeftArm","transformation":[1,0,0,0,0,1,0,0,0,0,1,0,0,0,0,1],"children":[{"name":"mixamorig:LeftForeArm_$AssimpFbx$_Translation","transformation":[1,0,0,-0,0,1,0,18.9752,0,0,1,0,0,0,0,1],"children":[{"name":"mixamorig:LeftForeArm_$AssimpFbx$_PreRotation","transformation":[0.999737,-0.022928,-0.00057276,0,0.0229351,0.999425,0.0249665,0,0,-0.0249731,0.999688,0,0,0,0,1],"children":[{"name":"mixamorig:LeftForeArm_$AssimpFbx$_Rotation","transformation":[0.999737,0.0229351,-0.000286387,0,-0.0229351,0.999425,-0.0249665,0,-0.000286387,0.0249665,0.999688,0,0,0,0,1],"children":[{"name":"mixamorig:LeftForeArm","transformation":[1,0,0,0,0,1,0,0,0,0,1,0,0,0,0,1],"children":[{"name":"mixamorig:LeftHand_$AssimpFbx$_Translation","transformation":[1,0,0,-0,0,1,0,19.896,0,0,1,0,0,0,0,1],"children":[{"name":"mixamorig:LeftHand_$AssimpFbx$_PreRotation","transformation":[0.997699,0.0444595,0.0511831,0,-0.0457781,0.998642,0.0248847,0,-0.0500073,-0.0271705,0.998379,0,0,0,0,1],"children":[{"name":"mixamorig:LeftHand_$AssimpFbx$_Rotation","transformation":[0.997213,0.0731684,0.0145551,0,-0.0725323,0.996553,-0.0402612,0,-0.0174507,0.0390933,0.999083,0,0,0,0,1],"children":[{"name":"mixamorig:LeftHand","transformation":[1,0,0,0,0,1,0,0,0,0,1,0,0,0,0,1],"children":[{"name":"mixamorig:LeftHandThumb1_$AssimpFbx$_Translation","transformation":[1,0,0,-2.0889,0,1,0,2.1413,0,0,1,1.2094,0,0,0,1],"children":[{"name":"mixamorig:LeftHandThumb1_$AssimpFbx$_PreRotation","transformation":[0.805204,-0.549018,0.224109,0,0.592997,0.745487,-0.304308,0,0,0.377926,0.925836,0,0,0,0,1],"children":[{"name":"mixamorig:LeftHandThumb1_$AssimpFbx$_Rotation","transformation":[0.99288,0.119063,0.00378833,0,-0.118674,0.991396,-0.0552204,0,-0.0103304,0.0543776,0.998467,0,0,0,0,1],"children":[{"name":"mixamorig:LeftHandThumb1","transformation":[1,0,0,0,0,1,0,0,0,0,1,0,0,0,0,1],"children":[{"name":"mixamorig:LeftHandThumb2_$AssimpFbx$_Translation","transformation":[1,0,0,-0.3298,0,1,0,2.5601,0,0,1,-0,0,0,0,1],"children":[{"name":"mixamorig:LeftHandThumb2_$AssimpFbx$_PreRotation","transformation":[1,0,0,0,0,0.999578,0.0290574,0,0,-0.0290574,0.999578,0,0,0,0,1],"children":[{"name":"mixamorig:LeftHandThumb2_$AssimpFbx$_Rotation","transformation":[0.987808,-0.155672,0.00144403,0,0.155648,0.987391,-0.0288714,0,0.00306864,0.0287442,0.999582,0,0,0,0,1],"children":[{"name":"mixamorig:LeftHandThumb2","transformation":[1,0,0,0,0,1,0,0,0,0,1,0,0,0,0,1],"children":[{"name":"mixamorig:LeftHandThumb3_$AssimpFbx$_Translation","transformation":[1,0,0,0.0769,0,1,0,2.7272,0,0,1,-0,0,0,0,1],"children":[{"name":"mixamorig:LeftHandThumb3_$AssimpFbx$_PreRotation","transformation":[1,0,0,0,0,0.996609,-0.0822794,0,0,0.0822794,0.996609,0,0,0,0,1],"children":[{"name":"mixamorig:LeftHandThumb3_$AssimpFbx$_Rotation","transformation":[0.996428,-0.0842534,0.00579766,0,0.0834959,0.993119,0.0821151,0,-0.0126762,-0.0813377,0.996606,0,0,0,0,1],"children":[{"name":"mixamorig:LeftHandThumb3","transformation":[1,0,0,0,0,1,0,0,0,0,1,0,0,0,0,1],"children":[{"name":"mixamorig:LeftHandThumb4","transformation":[1,0,0,0.2529,0,1,0,2.2376,0,0,1,0,0,0,0,1]}]}]}]}]}]}]}]}]}]}]}]}]},{"name":"mixamorig:LeftHandIndex1_$AssimpFbx$_Translation","transformation":[1,0,0,-2.586,0,1,0,6.9423,0,0,1,0.0297,0,0,0,1],"children":[{"name":"mixamorig:LeftHandIndex1_$AssimpFbx$_PreRotation","transformation":[0.997407,-0.0717876,0.00515827,0,0.0719727,0.994842,-0.0714839,0,0,0.0716698,0.997428,0,0,0,0,1],"children":[{"name":"mixamorig:LeftHandIndex1_$AssimpFbx$_Rotation","transformation":[0.998888,-0.0471063,-0.00203641,0,0.0471036,0.995046,0.0875527,0,-0.00209796,-0.0875512,0.996158,0,0,0,0,1],"children":[{"name":"mixamorig:LeftHandIndex1","transformation":[1,0,0,0,0,1,0,0,0,0,1,0,0,0,0,1],"children":[{"name":"mixamorig:LeftHandIndex2_$AssimpFbx$_Translation","transformation":[1,0,0,0.001,0,1,0,2.8449,0,0,1,-0,0,0,0,1],"children":[{"name":"mixamorig:LeftHandIndex2_$AssimpFbx$_PreRotation","transformation":[1,0,0,0,0,0.99974,0.0228199,0,0,-0.0228199,0.99974,0,0,0,0,1],"children":[{"name":"mixamorig:LeftHandIndex2_$AssimpFbx$_Rotation","transformation":[1,0.000839219,1.55432e-06,0,-0.000838965,0.999739,-0.0228199,0,-2.07049e-05,0.0228199,0.99974,0,0,0,0,1],"children":[{"name":"mixamorig:LeftHandIndex2","transformation":[1,0,0,0,0,1,0,0,0,0,1,0,0,0,0,1],"children":[{"name":"mixamorig:LeftHandIndex3_$AssimpFbx$_Translation","transformation":[1,0,0,-0.0013,0,1,0,2.6655,0,0,1,-0,0,0,0,1],"children":[{"name":"mixamorig:LeftHandIndex3_$AssimpFbx$_PreRotation","transformation":[1,0,0,0,0,0.99991,-0.0134474,0,0,0.0134474,0.99991,0,0,0,0,1],"children":[{"name":"mixamorig:LeftHandIndex3_$AssimpFbx$_Rotation","transformation":[1,-0.000618296,-2.40134e-06,0,0.000618272,0.999909,0.0134474,0,-5.91332e-06,-0.0134474,0.99991,0,0,0,0,1],"children":[{"name":"mixamorig:LeftHandIndex3","transformation":[1,0,0,0,0,1,0,0,0,0,1,0,0,0,0,1],"children":[{"name":"mixamorig:LeftHandIndex4","transformation":[1,0,0,0.0003,0,1,0,2.2974,0,0,1,0,0,0,0,1]}]}]}]}]}]}]}]}]}]}]}]}]},{"name":"mixamorig:LeftHandMiddle1_$AssimpFbx$_Translation","transformation":[1,0,0,-0.815,0,1,0,6.8272,0,0,1,-0.1101,0,0,0,1],"children":[{"name":"mixamorig:LeftHandMiddle1_$AssimpFbx$_PreRotation","transformation":[0.999995,0.00317647,1.23465e-05,0,-0.00317649,0.999987,0.00388682,0,0,-0.00388684,0.999992,0,0,0,0,1],"children":[{"name":"mixamorig:LeftHandMiddle1_$AssimpFbx$_Rotation","transformation":[0.993001,-0.118105,-0.000763891,0,0.118106,0.992927,0.0121507,0,-0.00067657,-0.0121559,0.999926,0,0,0,0,1],"children":[{"name":"mixamorig:LeftHandMiddle1","transformation":[1,0,0,0,0,1,0,0,0,0,1,0,0,0,0,1],"children":[{"name":"mixamorig:LeftHandMiddle2_$AssimpFbx$_Translation","transformation":[1,0,0,-0.0117,0,1,0,3.2568,0,0,1,0,0,0,0,1],"children":[{"name":"mixamorig:LeftHandMiddle2_$AssimpFbx$_PreRotation","transformation":[1,0,0,0,0,0.996605,-0.0823281,0,0,0.0823281,0.996605,0,0,0,0,1],"children":[{"name":"mixamorig:LeftHandMiddle2_$AssimpFbx$_Rotation","transformation":[0.999994,-0.00337219,-0.000157214,0,0.00337369,0.9966,0.0823276,0,-0.000120945,-0.0823276,0.996605,0,0,0,0,1],"children":[{"name":"mixamorig:LeftHandMiddle2","transformation":[1,0,0,0,0,1,0,0,0,0,1,0,0,0,0,1],"children":[{"name":"mixamorig:LeftHandMiddle3_$AssimpFbx$_Translation","transformation":[1,0,0,-0.0007,0,1,0,3.1779,0,0,1,-0,0,0,0,1],"children":[{"name":"mixamorig:LeftHandMiddle3_$AssimpFbx$_PreRotation","transformation":[1,0,0,0,0,0.993255,-0.11595,0,0,0.11595,0.993255,0,0,0,0,1],"children":[{"name":"mixamorig:LeftHandMiddle3_$AssimpFbx$_Rotation","transformation":[0.999988,-0.00482116,0.000254827,0,0.0047591,0.993244,0.11595,0,-0.000812117,-0.115947,0.993255,0,0,0,0,1],"children":[{"name":"mixamorig:LeftHandMiddle3","transformation":[1,0,0,0,0,1,0,0,0,0,1,0,0,0,0,1],"children":[{"name":"mixamorig:LeftHandMiddle4","transformation":[1,0,0,0.0124,0,1,0,2.6951,0,0,1,0,0,0,0,1]}]}]}]}]}]}]}]}]}]}]}]}]},{"name":"mixamorig:LeftHandRing1_$AssimpFbx$_Translation","transformation":[1,0,0,0.8988,0,1,0,6.7787,0,0,1,-0.023,0,0,0,1],"children":[{"name":"mixamorig:LeftHandRing1_$AssimpFbx$_PreRotation","transformation":[0.995986,0.0894346,0.00370777,0,-0.0895114,0.995131,0.041256,0,0,-0.0414223,0.999142,0,0,0,0,1],"children":[{"name":"mixamorig:LeftHandRing1_$AssimpFbx$_Rotation","transformation":[0.978635,-0.205589,0.00258163,0,0.205589,0.978331,-0.0245198,0,0.0025153,0.0245267,0.999696,0,0,0,0,1],"children":[{"name":"mixamorig:LeftHandRing1","transformation":[1,0,0,0,0,1,0,0,0,0,1,0,0,0,0,1],"children":[{"name":"mixamorig:LeftHandRing2_$AssimpFbx$_Translation","transformation":[1,0,0,-0.004,0,1,0,2.958,0,0,1,-0,0,0,0,1],"children":[{"name":"mixamorig:LeftHandRing2_$AssimpFbx$_PreRotation","transformation":[1,0,0,0,0,0.998453,-0.0556002,0,0,0.0556002,0.998453,0,0,0,0,1],"children":[{"name":"mixamorig:LeftHandRing2_$AssimpFbx$_Rotation","transformation":[0.999997,-0.00225908,-1.23931e-05,0,0.00225627,0.998451,0.0556002,0,-0.000113231,-0.0556001,0.998453,0,0,0,0,1],"children":[{"name":"mixamorig:LeftHandRing2","transformation":[1,0,0,0,0,1,0,0,0,0,1,0,0,0,0,1],"children":[{"name":"mixamorig:LeftHandRing3_$AssimpFbx$_Translation","transformation":[1,0,0,0.0025,0,1,0,2.7569,0,0,1,0,0,0,0,1],"children":[{"name":"mixamorig:LeftHandRing3_$AssimpFbx$_PreRotation","transformation":[1,0,0,0,0,0.999978,0.00663918,0,0,-0.00663918,0.999978,0,0,0,0,1],"children":[{"name":"mixamorig:LeftHandRing3_$AssimpFbx$_Rotation","transformation":[1,0.000264307,-5.14318e-06,0,-0.000264335,0.999978,-0.00663918,0,3.38828e-06,0.00663918,0.999978,0,0,0,0,1],"children":[{"name":"mixamorig:LeftHandRing3","transformation":[1,0,0,0,0,1,0,0,0,0,1,0,0,0,0,1],"children":[{"name":"mixamorig:LeftHandRing4","transformation":[1,0,0,0.0015,0,1,0,2.3346,0,0,1,0,0,0,0,1]}]}]}]}]}]}]}]}]}]}]}]}]},{"name":"mixamorig:LeftHandPinky1_$AssimpFbx$_Translation","transformation":[1,0,0,2.5022,0,1,0,6.3908,0,0,1,0.0875,0,0,0,1],"children":[{"name":"mixamorig:LeftHandPinky1_$AssimpFbx$_PreRotation","transformation":[0.996788,0.080079,-0.00117005,0,-0.0800876,0.996681,-0.0145627,0,0,0.0146096,0.999893,0,0,0,0,1],"children":[{"name":"mixamorig:LeftHandPinky1_$AssimpFbx$_Rotation","transformation":[0.980026,-0.198846,-0.00300951,0,0.198845,0.979561,0.0303324,0,-0.00308349,-0.030325,0.999535,0,0,0,0,1],"children":[{"name":"mixamorig:LeftHandPinky1","transformation":[1,0,0,0,0,1,0,0,0,0,1,0,0,0,0,1],"children":[{"name":"mixamorig:LeftHandPinky2_$AssimpFbx$_Translation","transformation":[1,0,0,0.0032,0,1,0,2.6237,0,0,1,-0,0,0,0,1],"children":[{"name":"mixamorig:LeftHandPinky2_$AssimpFbx$_PreRotation","transformation":[1,0,0,0,0,0.999906,-0.0137248,0,0,0.0137248,0.999906,0,0,0,0,1],"children":[{"name":"mixamorig:LeftHandPinky2_$AssimpFbx$_Rotation","transformation":[1,-0.000609529,2.09233e-05,0,0.000609185,0.999906,0.0137248,0,-2.9287e-05,-0.0137248,0.999906,0,0,0,0,1],"children":[{"name":"mixamorig:LeftHandPinky2","transformation":[1,0,0,0,0,1,0,0,0,0,1,0,0,0,0,1],"children":[{"name":"mixamorig:LeftHandPinky3_$AssimpFbx$_Translation","transformation":[1,0,0,0.0039,0,1,0,2.1321,0,0,1,0,0,0,0,1],"children":[{"name":"mixamorig:LeftHandPinky3_$AssimpFbx$_PreRotation","transformation":[1,0,0,0,0,0.990406,0.138186,0,0,-0.138186,0.990406,0,0,0,0,1],"children":[{"name":"mixamorig:LeftHandPinky3_$AssimpFbx$_Rotation","transformation":[0.999983,0.00578853,0.000147892,0,-0.00571256,0.99039,-0.138186,0,-0.000946367,0.138183,0.990406,0,0,0,0,1],"children":[{"name":"mixamorig:LeftHandPinky3","transformation":[1,0,0,0,0,1,0,0,0,0,1,0,0,0,0,1],"children":[{"name":"mixamorig:LeftHandPinky4","transformation":[1,0,0,-0.0071,0,1,0,1.7932,0,0,1,0,0,0,0,1]}]}]}]}]}]}]}]}]}]}]}]}]}]}]}]}]}]}]}]}]}]}]}]}]}]}]}]}]},{"name":"mixamorig:RightShoulder_$AssimpFbx$_Translation","transformation":[1,0,0,-4.2241,0,1,0,8.8973,0,0,1,-0.0302,0,0,0,1],"children":[{"name":"mixamorig:RightShoulder_$AssimpFbx$_PreRotation","transformation":[-0.00700534,-0.971719,0.236037,0,7.2163e-05,-0.236043,-0.971743,0,0.999975,-0.00679035,0.00172369,0,0,0,0,1],"children":[{"name":"mixamorig:RightShoulder_$AssimpFbx$_Rotation","transformation":[1,-7.15625e-05,5.14766e-06,0,7.15712e-05,0.999999,-0.0017058,0,-5.02558e-06,0.0017058,0.999999,0,0,0,0,1],"children":[{"name":"mixamorig:RightShoulder","transformation":[1,0,0,0,0,1,0,0,0,0,1,0,0,0,0,1],"children":[{"name":"mixamorig:RightArm_$AssimpFbx$_Translation","transformation":[1,0,0,0,0,1,0,8.861,0,0,1,-0,0,0,0,1],"children":[{"name":"mixamorig:RightArm_$AssimpFbx$_PreRotation","transformation":[0.999719,0.0230604,0.00546604,0,-0.0236994,0.972766,0.230576,0,0,-0.230641,0.973039,0,0,0,0,1],"children":[{"name":"mixamorig:RightArm_$AssimpFbx$_Rotation","transformation":[0.999873,-0.0159455,-2.53206e-06,0,0.015945,0.999846,0.00728589,0,-0.000113645,-0.00728501,0.999973,0,0,0,0,1],"children":[{"name":"mixamorig:RightArm","transformation":[1,0,0,0,0,1,0,0,0,0,1,0,0,0,0,1],"children":[{"name":"mixamorig:RightForeArm_$AssimpFbx$_Translation","transformation":[1,0,0,0,0,1,0,18.9736,0,0,1,0,0,0,0,1],"children":[{"name":"mixamorig:RightForeArm_$AssimpFbx$_PreRotation","transformation":[0.999547,0.0301019,0.000743455,0,-0.0301111,0.999242,0.0246792,0,0,-0.0246904,0.999695,0,0,0,0,1],"children":[{"name":"mixamorig:RightForeArm_$AssimpFbx$_Rotation","transformation":[0.999547,-0.0301111,0.0003717,0,0.0301111,0.999242,-0.0246792,0,0.0003717,0.0246792,0.999695,0,0,0,0,1],"children":[{"name":"mixamorig:RightForeArm","transformation":[1,0,0,0,0,1,0,0,0,0,1,0,0,0,0,1],"children":[{"name":"mixamorig:RightHand_$AssimpFbx$_Translation","transformation":[1,0,0,-0,0,1,0,19.8983,0,0,1,-0,0,0,0,1],"children":[{"name":"mixamorig:RightHand_$AssimpFbx$_PreRotation","transformation":[0.997619,-0.0510985,-0.0463251,0,0.0522254,0.99836,0.0234487,0,0.0450509,-0.0258122,0.998651,0,0,0,0,1],"children":[{"name":"mixamorig:RightHand_$AssimpFbx$_Rotation","transformation":[0.998329,-0.0565076,-0.012086,0,0.0560454,0.997791,-0.0356632,0,0.0140745,0.0349262,0.999291,0,0,0,0,1],"children":[{"name":"mixamorig:RightHand","transformation":[1,0,0,0,0,1,0,0,0,0,1,0,0,0,0,1],"children":[{"name":"mixamorig:RightHandThumb1_$AssimpFbx$_Translation","transformation":[1,0,0,2.062,0,1,0,2.1477,0,0,1,1.241,0,0,0,1],"children":[{"name":"mixamorig:RightHandThumb1_$AssimpFbx$_PreRotation","transformation":[0.796348,0.557725,-0.234034,0,-0.604838,0.734318,-0.308136,0,0,0.386936,0.922106,0,0,0,0,1],"children":[{"name":"mixamorig:RightHandThumb1_$AssimpFbx$_Rotation","transformation":[0.992633,-0.121136,-0.00232874,0,0.120863,0.991371,-0.0507569,0,0.00845716,0.0501015,0.998708,0,0,0,0,1],"children":[{"name":"mixamorig:RightHandThumb1","transformation":[1,0,0,0,0,1,0,0,0,0,1,0,0,0,0,1],"children":[{"name":"mixamorig:RightHandThumb2_$AssimpFbx$_Translation","transformation":[1,0,0,0.2744,0,1,0,2.5659,0,0,1,-0,0,0,0,1],"children":[{"name":"mixamorig:RightHandThumb2_$AssimpFbx$_PreRotation","transformation":[1,0,0,0,0,0.998406,0.0564488,0,0,-0.0564488,0.998406,0,0,0,0,1],"children":[{"name":"mixamorig:RightHandThumb2_$AssimpFbx$_Rotation","transformation":[0.99095,0.134216,-0.00220785,0,-0.134127,0.989369,-0.056213,0,-0.00536028,0.0560003,0.998416,0,0,0,0,1],"children":[{"name":"mixamorig:RightHandThumb2","transformation":[1,0,0,0,0,1,0,0,0,0,1,0,0,0,0,1],"children":[{"name":"mixamorig:RightHandThumb3_$AssimpFbx$_Translation","transformation":[1,0,0,-0.0767,0,1,0,2.7302,0,0,1,0,0,0,0,1],"children":[{"name":"mixamorig:RightHandThumb3_$AssimpFbx$_PreRotation","transformation":[1,0,0,0,0,0.997214,-0.0745993,0,0,0.0745993,0.997214,0,0,0,0,1],"children":[{"name":"mixamorig:RightHandThumb3_$AssimpFbx$_Rotation","transformation":[0.998205,0.0597408,-0.00432867,0,-0.0592536,0.995461,0.0744773,0,0.00875835,-0.0740871,0.997213,0,0,0,0,1],"children":[{"name":"mixamorig:RightHandThumb3","transformation":[1,0,0,0,0,1,0,0,0,0,1,0,0,0,0,1],"children":[{"name":"mixamorig:RightHandThumb4","transformation":[1,0,0,-0.1977,0,1,0,2.2443,0,0,1,0,0,0,0,1]}]}]}]}]}]}]}]}]}]}]}]}]},{"name":"mixamorig:RightHandIndex1_$AssimpFbx$_Translation","transformation":[1,0,0,2.5699,0,1,0,7.0538,0,0,1,0.0509,0,0,0,1],"children":[{"name":"mixamorig:RightHandIndex1_$AssimpFbx$_PreRotation","transformation":[0.996843,0.0792188,-0.00541796,0,-0.0794038,0.994519,-0.0680175,0,0,0.0682329,0.997669,0,0,0,0,1],"children":[{"name":"mixamorig:RightHandIndex1_$AssimpFbx$_Rotation","transformation":[0.999559,0.0296824,0.00116077,0,-0.0296789,0.996274,0.0809729,0,0.00124702,-0.0809717,0.996716,0,0,0,0,1],"children":[{"name":"mixamorig:RightHandIndex1","transformation":[1,0,0,0,0,1,0,0,0,0,1,0,0,0,0,1],"children":[{"name":"mixamorig:RightHandIndex2_$AssimpFbx$_Translation","transformation":[1,0,0,-0.0015,0,1,0,2.8163,0,0,1,-0,0,0,0,1],"children":[{"name":"mixamorig:RightHandIndex2_$AssimpFbx$_PreRotation","transformation":[1,0,0,0,0,0.99972,0.0236645,0,0,-0.0236645,0.99972,0,0,0,0,1],"children":[{"name":"mixamorig:RightHandIndex2_$AssimpFbx$_Rotation","transformation":[1,-0.000987228,9.23033e-07,0,0.000986973,0.99972,-0.0236645,0,2.24394e-05,0.0236644,0.99972,0,0,0,0,1],"children":[{"name":"mixamorig:RightHandIndex2","transformation":[1,0,0,0,0,1,0,0,0,0,1,0,0,0,0,1],"children":[{"name":"mixamorig:RightHandIndex3_$AssimpFbx$_Translation","transformation":[1,0,0,0.0012,0,1,0,2.6396,0,0,1,0,0,0,0,1],"children":[{"name":"mixamorig:RightHandIndex3_$AssimpFbx$_PreRotation","transformation":[1,0,0,0,0,0.999986,-0.00537035,0,0,0.00537035,0.999986,0,0,0,0,1],"children":[{"name":"mixamorig:RightHandIndex3_$AssimpFbx$_Rotation","transformation":[1,0.000320775,1.58011e-06,0,-0.000320779,0.999986,0.00537035,0,1.42587e-07,-0.00537035,0.999986,0,0,0,0,1],"children":[{"name":"mixamorig:RightHandIndex3","transformation":[1,0,0,0,0,1,0,0,0,0,1,0,0,0,0,1],"children":[{"name":"mixamorig:RightHandIndex4","transformation":[1,0,0,0.0003,0,1,0,2.2415,0,0,1,0,0,0,0,1]}]}]}]}]}]}]}]}]}]}]}]}]},{"name":"mixamorig:RightHandMiddle1_$AssimpFbx$_Translation","transformation":[1,0,0,0.7655,0,1,0,7.0182,0,0,1,-0.0904,0,0,0,1],"children":[{"name":"mixamorig:RightHandMiddle1_$AssimpFbx$_PreRotation","transformation":[0.999809,0.0195619,0.000383736,0,-0.0195656,0.999616,0.019609,0,0,-0.0196128,0.999808,0,0,0,0,1],"children":[{"name":"mixamorig:RightHandMiddle1_$AssimpFbx$_Rotation","transformation":[0.996259,0.0864172,-0.000308562,0,-0.0864173,0.996236,-0.00673129,0,-0.000274299,0.00673277,0.999977,0,0,0,0,1],"children":[{"name":"mixamorig:RightHandMiddle1","transformation":[1,0,0,0,0,1,0,0,0,0,1,0,0,0,0,1],"children":[{"name":"mixamorig:RightHandMiddle2_$AssimpFbx$_Translation","transformation":[1,0,0,0.0085,0,1,0,3.3402,0,0,1,0,0,0,0,1],"children":[{"name":"mixamorig:RightHandMiddle2_$AssimpFbx$_PreRotation","transformation":[1,0,0,0,0,0.992767,-0.120054,0,0,0.120054,0.992767,0,0,0,0,1],"children":[{"name":"mixamorig:RightHandMiddle2_$AssimpFbx$_Rotation","transformation":[0.999987,0.00512921,-2.39344e-06,0,-0.00509183,0.992754,0.120054,0,0.000618157,-0.120052,0.992767,0,0,0,0,1],"children":[{"name":"mixamorig:RightHandMiddle2","transformation":[1,0,0,0,0,1,0,0,0,0,1,0,0,0,0,1],"children":[{"name":"mixamorig:RightHandMiddle3_$AssimpFbx$_Translation","transformation":[1,0,0,-0.0079,0,1,0,3.0567,0,0,1,-0,0,0,0,1],"children":[{"name":"mixamorig:RightHandMiddle3_$AssimpFbx$_PreRotation","transformation":[1,0,0,0,0,0.998492,0.0549031,0,0,-0.0549031,0.998492,0,0,0,0,1],"children":[{"name":"mixamorig:RightHandMiddle3_$AssimpFbx$_Rotation","transformation":[0.999997,-0.00235716,7.72462e-05,0,0.00235785,0.998489,-0.0549029,0,5.22856e-05,0.054903,0.998492,0,0,0,0,1],"children":[{"name":"mixamorig:RightHandMiddle3","transformation":[1,0,0,0,0,1,0,0,0,0,1,0,0,0,0,1],"children":[{"name":"mixamorig:RightHandMiddle4","transformation":[1,0,0,-0.0006,0,1,0,2.6395,0,0,1,0,0,0,0,1]}]}]}]}]}]}]}]}]}]}]}]}]},{"name":"mixamorig:RightHandRing1_$AssimpFbx$_Translation","transformation":[1,0,0,-0.8923,0,1,0,6.9111,0,0,1,-0.1216,0,0,0,1],"children":[{"name":"mixamorig:RightHandRing1_$AssimpFbx$_PreRotation","transformation":[0.997149,-0.0754469,0.00144655,0,0.0754608,0.996966,-0.0191149,0,0,0.0191695,0.999816,0,0,0,0,1],"children":[{"name":"mixamorig:RightHandRing1_$AssimpFbx$_Rotation","transformation":[0.982897,0.184131,0.00290683,0,-0.18413,0.982392,0.0316482,0,0.00297177,-0.0316422,0.999495,0,0,0,0,1],"children":[{"name":"mixamorig:RightHandRing1","transformation":[1,0,0,0,0,1,0,0,0,0,1,0,0,0,0,1],"children":[{"name":"mixamorig:RightHandRing2_$AssimpFbx$_Translation","transformation":[1,0,0,-0.003,0,1,0,2.9239,0,0,1,0,0,0,0,1],"children":[{"name":"mixamorig:RightHandRing2_$AssimpFbx$_PreRotation","transformation":[1,0,0,0,0,0.998987,0.0449986,0,0,-0.0449986,0.998987,0,0,0,0,1],"children":[{"name":"mixamorig:RightHandRing2_$AssimpFbx$_Rotation","transformation":[0.999998,-0.00198261,1.56317e-06,0,0.00198067,0.998985,-0.0449986,0,8.76531e-05,0.0449985,0.998987,0,0,0,0,1],"children":[{"name":"mixamorig:RightHandRing2","transformation":[1,0,0,0,0,1,0,0,0,0,1,0,0,0,0,1],"children":[{"name":"mixamorig:RightHandRing3_$AssimpFbx$_Translation","transformation":[1,0,0,0.0026,0,1,0,2.718,0,0,1,-0,0,0,0,1],"children":[{"name":"mixamorig:RightHandRing3_$AssimpFbx$_PreRotation","transformation":[1,0,0,0,0,0.999834,-0.0181923,0,0,0.0181923,0.999834,0,0,0,0,1],"children":[{"name":"mixamorig:RightHandRing3_$AssimpFbx$_Rotation","transformation":[1,0.000830514,9.84883e-06,0,-0.000830555,0.999834,0.0181923,0,5.26176e-06,-0.0181923,0.999834,0,0,0,0,1],"children":[{"name":"mixamorig:RightHandRing3","transformation":[1,0,0,0,0,1,0,0,0,0,1,0,0,0,0,1],"children":[{"name":"mixamorig:RightHandRing4","transformation":[1,0,0,0.0003,0,1,0,2.3796,0,0,1,0,0,0,0,1]}]}]}]}]}]}]}]}]}]}]}]}]},{"name":"mixamorig:RightHandPinky1_$AssimpFbx$_Translation","transformation":[1,0,0,-2.4431,0,1,0,6.4536,0,0,1,0.1255,0,0,0,1],"children":[{"name":"mixamorig:RightHandPinky1_$AssimpFbx$_PreRotation","transformation":[0.994901,-0.100852,0.000461704,0,0.100853,0.994891,-0.00455464,0,0,0.00457798,0.99999,0,0,0,0,1],"children":[{"name":"mixamorig:RightHandPinky1_$AssimpFbx$_Rotation","transformation":[0.977895,0.209087,0.00180985,0,-0.209086,0.977744,0.0172828,0,0.00184404,-0.0172792,0.999849,0,0,0,0,1],"children":[{"name":"mixamorig:RightHandPinky1","transformation":[1,0,0,0,0,1,0,0,0,0,1,0,0,0,0,1],"children":[{"name":"mixamorig:RightHandPinky2_$AssimpFbx$_Translation","transformation":[1,0,0,-0.0026,0,1,0,2.6279,0,0,1,-0,0,0,0,1],"children":[{"name":"mixamorig:RightHandPinky2_$AssimpFbx$_PreRotation","transformation":[1,0,0,0,0,0.999993,0.00363377,0,0,-0.00363377,0.999993,0,0,0,0,1],"children":[{"name":"mixamorig:RightHandPinky2_$AssimpFbx$_Rotation","transformation":[1,-9.42123e-05,3.42402e-06,0,9.42241e-05,0.999993,-0.00363376,0,-3.08166e-06,0.00363376,0.999993,0,0,0,0,1],"children":[{"name":"mixamorig:RightHandPinky2","transformation":[1,0,0,0,0,1,0,0,0,0,1,0,0,0,0,1],"children":[{"name":"mixamorig:RightHandPinky3_$AssimpFbx$_Translation","transformation":[1,0,0,-0.0019,0,1,0,2.1225,0,0,1,0,0,0,0,1],"children":[{"name":"mixamorig:RightHandPinky3_$AssimpFbx$_PreRotation","transformation":[1,0,0,0,0,0.997381,0.072333,0,0,-0.072333,0.997381,0,0,0,0,1],"children":[{"name":"mixamorig:RightHandPinky3_$AssimpFbx$_Rotation","transformation":[0.999994,-0.00340632,-5.85212e-05,0,0.00339316,0.997375,-0.0723331,0,0.000304757,0.0723325,0.99738,0,0,0,0,1],"children":[{"name":"mixamorig:RightHandPinky3","transformation":[1,0,0,0,0,1,0,0,0,0,1,0,0,0,0,1],"children":[{"name":"mixamorig:RightHandPinky4","transformation":[1,0,0,0.0045,0,1,0,1.792,0,0,1,0,0,0,0,1]}]}]}]}]}]}]}]}]}]}]}]}]}]}]}]}]}]}]}]}]}]}]}]}]}]}]}]}]}]}]}]}]}]},{"name":"mixamorig:LeftUpLeg_$AssimpFbx$_Translation","transformation":[1,0,0,7.557,0,1,0,-4.8263,0,0,1,0.3005,0,0,0,1],"children":[{"name":"mixamorig:LeftUpLeg_$AssimpFbx$_PreRotation","transformation":[-0.999771,0.0213943,-5.11296e-07,0,-0.0213909,-0.99961,0.0179713,0,0.000383972,0.0179672,0.999839,0,0,0,0,1],"children":[{"name":"mixamorig:LeftUpLeg_$AssimpFbx$_Rotation","transformation":[0.999909,0.0134623,-0.000241885,0,-0.0134623,0.999909,6.79848e-06,0,0.000241954,-3.54153e-06,1,0,0,0,0,1],"children":[{"name":"mixamorig:LeftUpLeg","transformation":[1,0,0,0,0,1,0,0,0,0,1,0,0,0,0,1],"children":[{"name":"mixamorig:LeftLeg_$AssimpFbx$_Translation","transformation":[1,0,0,-0.1246,0,1,0,24.0658,0,0,1,0.1047,0,0,0,1],"children":[{"name":"mixamorig:LeftLeg_$AssimpFbx$_PreRotation","transformation":[0.999844,0.0176527,0.000274013,0,-0.0176548,0.999724,0.0155182,0,0,-0.0155206,0.99988,0,0,0,0,1],"children":[{"name":"mixamorig:LeftLeg","transformation":[1,0,0,0,0,1,0,0,0,0,1,0,0,0,0,1],"children":[{"name":"mixamorig:LeftFoot_$AssimpFbx$_Translation","transformation":[1,0,0,-0.006,0,1,0,33.0631,0,0,1,0.0039,0,0,0,1],"children":[{"name":"mixamorig:LeftFoot_$AssimpFbx$_PreRotation","transformation":[0.999985,-0.00462431,-0.00303746,0,0,0.549005,-0.835819,0,0.00553267,0.835806,0.548997,0,0,0,0,1],"children":[{"name":"mixamorig:LeftFoot_$AssimpFbx$_Rotation","transformation":[0.999909,-0.00736395,0.0112721,0,0.0073648,0.999973,-3.38858e-05,0,-0.0112715,0.000116899,0.999936,0,0,0,0,1],"children":[{"name":"mixamorig:LeftFoot","transformation":[1,0,0,0,0,1,0,0,0,0,1,0,0,0,0,1],"children":[{"name":"mixamorig:LeftToeBase_$AssimpFbx$_Translation","transformation":[1,0,0,-0.0053,0,1,0,12.8933,0,0,1,-0.5155,0,0,0,1],"children":[{"name":"mixamorig:LeftToeBase_$AssimpFbx$_PreRotation","transformation":[0.999849,-0.00936713,-0.0146076,0,0,0.841793,-0.539801,0,0.0173529,0.53972,0.841666,0,0,0,0,1],"children":[{"name":"mixamorig:LeftToeBase","transformation":[1,0,0,0,0,1,0,0,0,0,1,0,0,0,0,1],"children":[{"name":"mixamorig:LeftToe_End","transformation":[1,0,0,0.0142,0,1,0,6.4208,0,0,1,0.0079,0,0,0,1]}]}]}]}]}]}]}]}]}]}]}]}]}]}]},{"name":"mixamorig:RightUpLeg_$AssimpFbx$_Translation","transformation":[1,0,0,-7.557,0,1,0,-4.8263,0,0,1,0.3005,0,0,0,1],"children":[{"name":"mixamorig:RightUpLeg_$AssimpFbx$_PreRotation","transformation":[-0.999771,-0.0213851,6.8394e-07,0,0.0213716,-0.999137,0.0356158,0,-0.000760963,0.0356077,0.999366,0,0,0,0,1],"children":[{"name":"mixamorig:RightUpLeg_$AssimpFbx$_Rotation","transformation":[0.999909,-0.0134582,0.000479449,0,0.0134582,0.999909,1.34746e-05,0,-0.000479587,-7.02082e-06,1,0,0,0,0,1],"children":[{"name":"mixamorig:RightUpLeg","transformation":[1,0,0,0,0,1,0,0,0,0,1,0,0,0,0,1],"children":[{"name":"mixamorig:RightLeg_$AssimpFbx$_Translation","transformation":[1,0,0,0.1248,0,1,0,24.0701,0,0,1,-0.1449,0,0,0,1],"children":[{"name":"mixamorig:RightLeg_$AssimpFbx$_PreRotation","transformation":[0.999844,-0.0176331,-0.000579066,0,0.0176426,0.999306,0.0328169,0,0,-0.032822,0.999461,0,0,0,0,1],"children":[{"name":"mixamorig:RightLeg","transformation":[1,0,0,0,0,1,0,0,0,0,1,0,0,0,0,1],"children":[{"name":"mixamorig:RightFoot_$AssimpFbx$_Translation","transformation":[1,0,0,0.006,0,1,0,33.0631,0,0,1,0.0045,0,0,0,1],"children":[{"name":"mixamorig:RightFoot_$AssimpFbx$_PreRotation","transformation":[0.999984,0.00463285,0.00310352,0,0,0.556555,-0.830811,0,-0.0055763,0.830798,0.556547,0,0,0,0,1],"children":[{"name":"mixamorig:RightFoot_$AssimpFbx$_Rotation","transformation":[0.999909,0.00746312,-0.0112093,0,-0.00746398,0.999972,-3.50488e-05,0,0.0112087,0.000118712,0.999937,0,0,0,0,1],"children":[{"name":"mixamorig:RightFoot","transformation":[1,0,0,0,0,1,0,0,0,0,1,0,0,0,0,1],"children":[{"name":"mixamorig:RightToeBase_$AssimpFbx$_Translation","transformation":[1,0,0,0.0054,0,1,0,12.7183,0,0,1,-0.5224,0,0,0,1],"children":[{"name":"mixamorig:RightToeBase_$AssimpFbx$_PreRotation","transformation":[0.999856,0.00928187,0.0142013,0,0,0.837066,-0.547102,0,-0.0169655,0.547023,0.836946,0,0,0,0,1],"children":[{"name":"mixamorig:RightToeBase","transformation":[1,0,0,0,0,1,0,0,0,0,1,0,0,0,0,1],"children":[{"name":"mixamorig:RightToe_End","transformation":[1,0,0,-0.0142,0,1,0,6.4121,0,0,1,0.0079,0,0,0,1]}]}]}]}]}]}]}]}]}]}]}]}]}]}]}]}]},"flags":9,"animations":[{"name":"mixamo.com","tickspersecond":30,"duration":201,"channels":[{"name":"mixamorig:Head","prestate":0,"poststate":0,"positionkeys":[[0,[0,8.5791,0.1142]],[1,[0,8.5791,0.1142]],[2,[0,8.5791,0.1142]],[3,[0,8.5791,0.1142]],[4,[0,8.5791,0.1142]],[5,[0,8.5791,0.1142]],[6,[0,8.5791,0.1142]],[7,[0,8.5791,0.1142]],[8,[0,8.5791,0.1142]],[9,[0,8.5791,0.1142]],[10,[0,8.5791,0.1142]],[11,[0,8.5791,0.1142]],[12,[0,8.5791,0.1142]],[13,[0,8.5791,0.1142]],[14,[0,8.5791,0.1142]],[15,[0,8.5791,0.1142]],[16,[0,8.5791,0.1142]],[17,[0,8.5791,0.1142]],[18,[0,8.5791,0.1142]],[19,[0,8.5791,0.1142]],[20,[0,8.5791,0.1142]],[21,[0,8.5791,0.1142]],[22,[0,8.5791,0.1142]],[23,[0,8.5791,0.1142]],[24,[0,8.5791,0.1142]],[25,[0,8.5791,0.1142]],[26,[0,8.5791,0.1142]],[27,[0,8.5791,0.1142]],[28,[0,8.5791,0.1142]],[29,[0,8.5791,0.1142]],[30,[0,8.5791,0.1142]],[31,[0,8.5791,0.1142]],[32,[0,8.5791,0.1142]],[33,[0,8.5791,0.1142]],[34,[0,8.5791,0.1142]],[35,[0,8.5791,0.1142]],[36,[0,8.5791,0.1142]],[37,[0,8.5791,0.1142]],[38,[0,8.5791,0.1142]],[39,[0,8.5791,0.1142]],[40,[0,8.5791,0.1142]],[41,[0,8.5791,0.1142]],[42,[0,8.5791,0.1142]],[43,[0,8.5791,0.1142]],[44,[0,8.5791,0.1142]],[45,[0,8.5791,0.1142]],[46,[0,8.5791,0.1142]],[47,[0,8.5791,0.1142]],[48,[0,8.5791,0.1142]],[49,[0,8.5791,0.1142]],[50,[0,8.5791,0.1142]],[51,[0,8.5791,0.1142]],[52,[0,8.5791,0.1142]],[53,[0,8.5791,0.1142]],[54,[0,8.5791,0.1142]],[55,[0,8.5791,0.1142]],[56,[0,8.5791,0.1142]],[57,[0,8.5791,0.1142]],[58,[0,8.5791,0.1142]],[59,[0,8.5791,0.1142]],[60,[0,8.5791,0.1142]],[61,[0,8.5791,0.1142]],[62,[0,8.5791,0.1142]],[63,[0,8.5791,0.1142]],[64,[0,8.5791,0.1142]],[65,[0,8.5791,0.1142]],[66,[0,8.5791,0.1142]],[67,[0,8.5791,0.1142]],[68,[0,8.5791,0.1142]],[69,[0,8.5791,0.1142]],[70,[0,8.5791,0.1142]],[71,[0,8.5791,0.1142]],[72,[0,8.5791,0.1142]],[73,[0,8.5791,0.1142]],[74,[0,8.5791,0.1142]],[75,[0,8.5791,0.1142]],[76,[0,8.5791,0.1142]],[77,[0,8.5791,0.1142]],[78,[0,8.5791,0.1142]],[79,[0,8.5791,0.1142]],[80,[0,8.5791,0.1142]],[81,[0,8.5791,0.1142]],[82,[0,8.5791,0.1142]],[83,[0,8.5791,0.1142]],[84,[0,8.5791,0.1142]],[85,[0,8.5791,0.1142]],[86,[0,8.5791,0.1142]],[87,[0,8.5791,0.1142]],[88,[0,8.5791,0.1142]],[89,[0,8.5791,0.1142]],[90,[0,8.5791,0.1142]],[91,[0,8.5791,0.1142]],[92,[0,8.5791,0.1142]],[93,[0,8.5791,0.1142]],[94,[0,8.5791,0.1142]],[95,[0,8.5791,0.1142]],[96,[0,8.5791,0.1142]],[97,[0,8.5791,0.1142]],[98,[0,8.5791,0.1142]],[99,[0,8.5791,0.1142]],[100,[0,8.5791,0.1142]],[101,[0,8.5791,0.1142]],[102,[0,8.5791,0.1142]],[103,[0,8.5791,0.1142]],[104,[0,8.5791,0.1142]],[105,[0,8.5791,0.1142]],[106,[0,8.5791,0.1142]],[107,[0,8.5791,0.1142]],[108,[0,8.5791,0.1142]],[109,[0,8.5791,0.1142]],[110,[0,8.5791,0.1142]],[111,[0,8.5791,0.1142]],[112,[0,8.5791,0.1142]],[113,[0,8.5791,0.1142]],[114,[0,8.5791,0.1142]],[115,[0,8.5791,0.1142]],[116,[0,8.5791,0.1142]],[117,[0,8.5791,0.1142]],[118,[0,8.5791,0.1142]],[119,[0,8.5791,0.1142]],[120,[0,8.5791,0.1142]],[121,[0,8.5791,0.1142]],[122,[0,8.5791,0.1142]],[123,[0,8.5791,0.1142]],[124,[0,8.5791,0.1142]],[125,[0,8.5791,0.1142]],[126,[0,8.5791,0.1142]],[127,[0,8.5791,0.1142]],[128,[0,8.5791,0.1142]],[129,[0,8.5791,0.1142]],[130,[0,8.5791,0.1142]],[131,[0,8.5791,0.1142]],[132,[0,8.5791,0.1142]],[133,[0,8.5791,0.1142]],[134,[0,8.5791,0.1142]],[135,[0,8.5791,0.1142]],[136,[0,8.5791,0.1142]],[137,[0,8.5791,0.1142]],[138,[0,8.5791,0.1142]],[139,[0,8.5791,0.1142]],[140,[0,8.5791,0.1142]],[141,[0,8.5791,0.1142]],[142,[0,8.5791,0.1142]],[143,[0,8.5791,0.1142]],[144,[0,8.5791,0.1142]],[145,[0,8.5791,0.1142]],[146,[0,8.5791,0.1142]],[147,[0,8.5791,0.1142]],[148,[0,8.5791,0.1142]],[149,[0,8.5791,0.1142]],[150,[0,8.5791,0.1142]],[151,[0,8.5791,0.1142]],[152,[0,8.5791,0.1142]],[153,[0,8.5791,0.1142]],[154,[0,8.5791,0.1142]],[155,[0,8.5791,0.1142]],[156,[0,8.5791,0.1142]],[157,[0,8.5791,0.1142]],[158,[0,8.5791,0.1142]],[159,[0,8.5791,0.1142]],[160,[0,8.5791,0.1142]],[161,[0,8.5791,0.1142]],[162,[0,8.5791,0.1142]],[163,[0,8.5791,0.1142]],[164,[0,8.5791,0.1142]],[165,[0,8.5791,0.1142]],[166,[0,8.5791,0.1142]],[167,[0,8.5791,0.1142]],[168,[0,8.5791,0.1142]],[169,[0,8.5791,0.1142]],[170,[0,8.5791,0.1142]],[171,[0,8.5791,0.1142]],[172,[0,8.5791,0.1142]],[173,[0,8.5791,0.1142]],[174,[0,8.5791,0.1142]],[175,[0,8.5791,0.1142]],[176,[0,8.5791,0.1142]],[177,[0,8.5791,0.1142]],[178,[0,8.5791,0.1142]],[179,[0,8.5791,0.1142]],[180,[0,8.5791,0.1142]],[181,[0,8.5791,0.1142]],[182,[0,8.5791,0.1142]],[183,[0,8.5791,0.1142]],[184,[0,8.5791,0.1142]],[185,[0,8.5791,0.1142]],[186,[0,8.5791,0.1142]],[187,[0,8.5791,0.1142]],[188,[0,8.5791,0.1142]],[189,[0,8.5791,0.1142]],[190,[0,8.5791,0.1142]],[191,[0,8.5791,0.1142]],[192,[0,8.5791,0.1142]],[193,[0,8.5791,0.1142]],[194,[0,8.5791,0.1142]],[195,[0,8.5791,0.1142]],[196,[0,8.5791,0.1142]],[197,[0,8.5791,0.1142]],[198,[0,8.5791,0.1142]],[199,[0,8.5791,0.1142]],[200,[0,8.5791,0.1142]],[201,[0,8.5791,0.1142]]],"rotationkeys":[[0,[0.978076,0.0576432,-0.182205,0.0827345]],[1,[0.98702,0.0613342,-0.131051,0.0696812]],[2,[0.993403,0.0598747,-0.0799584,0.0563194]],[3,[0.996935,0.0533807,-0.0225724,0.0525592]],[4,[0.997257,0.0403,0.0359848,0.0505833]],[5,[0.994433,0.0110493,0.0939135,0.0464797]],[6,[0.988501,-0.00595159,0.146239,0.0380094]],[7,[0.980864,-0.0073623,0.192499,0.0282044]],[8,[0.97175,-0.018487,0.233968,0.0248851]],[9,[0.960916,-0.0410254,0.272267,0.0287795]],[10,[0.951305,-0.0482089,0.302121,0.0376434]],[11,[0.944194,-0.0504156,0.322928,0.0409027]],[12,[0.940147,-0.043186,0.336496,0.0320734]],[13,[0.938498,-0.0289188,0.343301,0.0230314]],[14,[0.938348,-0.0230399,0.34458,0.0153775]],[15,[0.940684,-0.0247381,0.338354,0.00420198]],[16,[0.946959,-0.0315844,0.319753,-0.00540209]],[17,[0.949415,-0.0308983,0.312441,-0.00611819]],[18,[0.950906,-0.029023,0.307611,-0.0176272]],[19,[0.956973,-0.0311261,0.287526,-0.0237077]],[20,[0.964053,-0.0356872,0.261801,-0.0280856]],[21,[0.970957,-0.0381443,0.234263,-0.030136]],[22,[0.977312,-0.0405931,0.206578,-0.0232106]],[23,[0.982453,-0.0533819,0.177367,-0.0218336]],[24,[0.98626,-0.0670511,0.149422,-0.0216189]],[25,[0.988535,-0.0719597,0.131002,-0.0214426]],[26,[0.990767,-0.0593039,0.11983,-0.0224549]],[27,[0.993363,-0.0378538,0.106234,-0.0226287]],[28,[0.99617,-0.0124323,0.0837129,-0.0219824]],[29,[0.998488,0.00608652,0.0528136,-0.0140085]],[30,[0.999801,0.0151867,0.0116901,0.00560557]],[31,[0.999033,0.0247569,-0.0272301,0.0240695]],[32,[0.997671,0.0432867,-0.0468594,0.0241532]],[33,[0.996832,0.0699239,-0.0378972,-0.000343143]],[34,[0.997405,0.0694682,-0.0120735,-0.0145671]],[35,[0.997547,0.0656323,0.00147419,-0.0242857]],[36,[0.995836,0.0727729,0.0171059,-0.0521758]],[37,[0.990384,0.0941597,0.0589323,-0.082463]],[38,[0.983845,0.121552,0.0914228,-0.0944244]],[39,[0.979486,0.139298,0.117317,-0.0862523]],[40,[0.977203,0.140432,0.138463,-0.0786158]],[41,[0.973814,0.150422,0.147677,-0.0851526]],[42,[0.970557,0.154684,0.161041,-0.0903216]],[43,[0.969754,0.158221,0.165311,-0.0849491]],[44,[0.971006,0.154966,0.166159,-0.074319]],[45,[0.973535,0.138675,0.169972,-0.0640922]],[46,[0.978112,0.0951368,0.169039,-0.075313]],[47,[0.979382,0.064906,0.17731,-0.0718251]],[48,[0.98387,0.0551698,0.158146,-0.0628174]],[49,[0.986997,0.0676386,0.136739,-0.0506387]],[50,[0.988478,0.0827504,0.124069,-0.025903]],[51,[0.992936,0.0585178,0.103183,0.00256605]],[52,[0.994567,-0.0235886,0.0904017,0.0459182]],[53,[0.987125,-0.120393,0.0785581,0.0701257]],[54,[0.980999,-0.183752,0.0256223,0.0567515]],[55,[0.959635,-0.270928,0.020096,0.072763]],[56,[0.951826,-0.293958,0.0249666,0.083625]],[57,[0.949091,-0.304285,0.0137139,0.0803047]],[58,[0.944388,-0.320999,-0.0228795,0.0675868]],[59,[0.947567,-0.30795,-0.0527321,0.0671085]],[60,[0.952691,-0.288869,-0.0759788,0.0562352]],[61,[0.952486,-0.289325,-0.0805608,0.0507074]],[62,[0.950093,-0.298081,-0.079241,0.0468195]],[63,[0.946378,-0.30974,-0.081577,0.0421297]],[64,[0.940101,-0.325487,-0.0950796,0.0350371]],[65,[0.935835,-0.331739,-0.114091,0.0338538]],[66,[0.932244,-0.335139,-0.132736,0.0313613]],[67,[0.924573,-0.348933,-0.149924,0.0305481]],[68,[0.912971,-0.368484,-0.16835,0.0485948]],[69,[0.904762,-0.378962,-0.186835,0.0537193]],[70,[0.90392,-0.376797,-0.197492,0.0441606]],[71,[0.907777,-0.361434,-0.208814,0.0412706]],[72,[0.909917,-0.354317,-0.210944,0.0448656]],[73,[0.902202,-0.374435,-0.205514,0.0599519]],[74,[0.89804,-0.381624,-0.210124,0.0611097]],[75,[0.905936,-0.366467,-0.208706,0.0377353]],[76,[0.908908,-0.36371,-0.201329,0.0326832]],[77,[0.910335,-0.366206,-0.19115,0.0253937]],[78,[0.910218,-0.371446,-0.182352,0.0166839]],[79,[0.909674,-0.375393,-0.177515,0.00787166]],[80,[0.912258,-0.374834,-0.165091,0.00553955]],[81,[0.917217,-0.372603,-0.140359,0.0134163]],[82,[0.920946,-0.369902,-0.121922,0.0128724]],[83,[0.924176,-0.366241,-0.107481,0.0146415]],[84,[0.924734,-0.366117,-0.10102,0.0248938]],[85,[0.922476,-0.371927,-0.0977634,0.0339079]],[86,[0.924727,-0.367193,-0.0924577,0.0387474]],[87,[0.928249,-0.358995,-0.0878571,0.0419329]],[88,[0.92562,-0.36608,-0.0826021,0.0488861]],[89,[0.922957,-0.372838,-0.0814849,0.0500267]],[90,[0.921651,-0.376079,-0.0835245,0.046349]],[91,[0.921267,-0.376247,-0.090767,0.0382851]],[92,[0.922112,-0.36969,-0.112274,0.0208398]],[93,[0.922766,-0.353153,-0.15413,-0.00544091]],[94,[0.918995,-0.344289,-0.191,-0.0208032]],[95,[0.908008,-0.360865,-0.20956,-0.0371778]],[96,[0.895667,-0.380613,-0.224255,-0.0512169]],[97,[0.888402,-0.384245,-0.243921,-0.0600044]],[98,[0.88324,-0.383827,-0.262046,-0.0624127]],[99,[0.881909,-0.378253,-0.276145,-0.0539071]],[100,[0.884306,-0.368409,-0.283869,-0.0411803]],[101,[0.887879,-0.363094,-0.281854,-0.0197998]],[102,[0.887671,-0.368884,-0.275586,-0.00409843]],[103,[0.885603,-0.372774,-0.276852,-0.00993971]],[104,[0.884814,-0.370234,-0.28204,-0.0220031]],[105,[0.885047,-0.363597,-0.288494,-0.0354988]],[106,[0.885734,-0.359147,-0.29051,-0.0457442]],[107,[0.886484,-0.356408,-0.2903,-0.0533404]],[108,[0.888793,-0.35256,-0.287497,-0.0556248]],[109,[0.893497,-0.347901,-0.27979,-0.0484362]],[110,[0.898915,-0.346962,-0.265467,-0.0331058]],[111,[0.903038,-0.34712,-0.251972,-0.023242]],[112,[0.905156,-0.345962,-0.246076,-0.0211984]],[113,[0.905653,-0.347262,-0.242692,-0.0173666]],[114,[0.903664,-0.353654,-0.241345,-0.0085247]],[115,[0.90118,-0.360611,-0.240485,0.00104447]],[116,[0.901576,-0.361626,-0.237389,0.00581194]],[117,[0.90654,-0.353304,-0.230983,0.00306796]],[118,[0.912601,-0.342277,-0.223613,-0.00184036]],[119,[0.918888,-0.330495,-0.215321,-0.00734812]],[120,[0.924521,-0.320186,-0.206399,-0.0118511]],[121,[0.928802,-0.313639,-0.196874,-0.0140875]],[1