{"__metadata__":{"format":"assimp2json","version":100},"rootnode":{"name":"RootNode","transformation":[1,0,0,0,0,1,0,0,0,0,1,0,0,0,0,1],"children":[{"name":"mixamorig:Hips","transformation":[1,0,0,0,0,1,0,84.6522,0,0,1,0,0,0,0,1],"children":[{"name":"mixamorig:Spine_$AssimpFbx$_Translation","transformation":[1,0,0,0,0,1,0,7.722,0,0,1,1.1662,0,0,0,1],"children":[{"name":"mixamorig:Spine_$AssimpFbx$_PreRotation","transformation":[1,-7.29915e-05,1.24643e-05,0,7.33038e-05,0.999629,-0.0272325,0,-1.0472e-05,0.0272325,0.999629,0,0,0,0,1],"children":[{"name":"mixamorig:Spine","transformation":[1,0,0,0,0,1,0,0,0,0,1,0,0,0,0,1],"children":[{"name":"mixamorig:Spine1_$AssimpFbx$_Translation","transformation":[1,0,0,-0,0,1,0,9.5984,0,0,1,-0,0,0,0,1],"children":[{"name":"mixamorig:Spine1_$AssimpFbx$_PreRotation","transformation":[1,1.74066e-06,1.27627e-07,0,-1.74533e-06,0.997323,0.0731251,0,0,-0.0731251,0.997323,0,0,0,0,1],"children":[{"name":"mixamorig:Spine1","transformation":[1,0,0,0,0,1,0,0,0,0,1,0,0,0,0,1],"children":[{"name":"mixamorig:Spine2_$AssimpFbx$_Translation","transformation":[1,0,0,-0,0,1,0,11.0482,0,0,1,0,0,0,0,1],"children":[{"name":"mixamorig:Spine2_$AssimpFbx$_PreRotation","transformation":[1,7.46492e-05,-1.04216e-05,0,-7.50492e-05,0.998944,-0.0459383,0,6.98132e-06,0.0459383,0.998944,0,0,0,0,1],"children":[{"name":"mixamorig:Spine2","transformation":[1,0,0,0,0,1,0,0,0,0,1,0,0,0,0,1],"children":[{"name":"mixamorig:Neck","transformation":[1,0,0,-0.0016,0,1,0,21.6844,0,0,1,-3.0966,0,0,0,1],"children":[{"name":"mixamorig:Head","transformation":[1,0,0,-0.0007,0,1,0,8.9184,0,0,1,1.0073,0,0,0,1],"children":[{"name":"mixamorig:HeadTop_End","transformation":[1,0,0,-0.0046,0,1,0,62.363,0,0,1,0.0766,0,0,0,1]}]}]},{"name":"mixamorig:LeftShoulder_$AssimpFbx$_Translation","transformation":[1,0,0,4.2174,0,1,0,16.5609,0,0,1,-4.0611,0,0,0,1],"children":[{"name":"mixamorig:LeftShoulder_$AssimpFbx$_PreRotation","transformation":[-0.30118,0.94531,0.125215,0,-0.0380115,0.119306,-0.99213,0,-0.952809,-0.303569,1.32694e-08,0,0,0,0,1],"children":[{"name":"mixamorig:LeftShoulder_$AssimpFbx$_Rotation","transformation":[1,3.69488e-10,-1.08499e-05,0,0,1,3.40545e-05,0,1.08499e-05,-3.40545e-05,1,0,0,0,0,1],"children":[{"name":"mixamorig:LeftShoulder","transformation":[1,0,0,0,0,1,0,0,0,0,1,0,0,0,0,1],"children":[{"name":"mixamorig:LeftArm_$AssimpFbx$_Translation","transformation":[1,0,0,0,0,1,0,5.6077,0,0,1,-0,0,0,0,1],"children":[{"name":"mixamorig:LeftArm_$AssimpFbx$_PreRotation","transformation":[0.952809,-0.30118,0.0380116,0,0.303569,0.94531,-0.119306,0,0,0.125215,0.99213,0,0,0,0,1],"children":[{"name":"mixamorig:LeftArm_$AssimpFbx$_Rotation","transformation":[1,-9.79243e-08,3.36824e-12,0,9.79243e-08,1,-3.43964e-05,0,0,3.43964e-05,1,0,0,0,0,1],"children":[{"name":"mixamorig:LeftArm","transformation":[1,0,0,0,0,1,0,0,0,0,1,0,0,0,0,1],"children":[{"name":"mixamorig:LeftForeArm","transformation":[1,0,0,0,0,1,0,21.8692,0,0,1,0,0,0,0,1],"children":[{"name":"mixamorig:LeftHand","transformation":[1,-0.000568294,0.000370371,0,0.000568626,0.999999,-0.000898265,23.8653,-0.000369861,0.000898475,1,0,0,0,0,1],"children":[{"name":"mixamorig:LeftHandThumb1_$AssimpFbx$_Translation","transformation":[1,0,0,-3.1073,0,1,0,4.3773,0,0,1,2.0787,0,0,0,1],"children":[{"name":"mixamorig:LeftHandThumb1_$AssimpFbx$_PreRotation","transformation":[0.859264,-0.44838,0.246214,0,0.511032,0.773744,-0.374388,0,-0.0226385,0.447521,0.893987,0,0,0,0,1],"children":[{"name":"mixamorig:LeftHandThumb1_$AssimpFbx$_Rotation","transformation":[0.999998,0.00203562,1.27713e-06,0,-0.00203562,0.999997,0.00125478,0,1.27713e-06,-0.00125478,0.999999,0,0,0,0,1],"children":[{"name":"mixamorig:LeftHandThumb1","transformation":[1,0,0,0,0,1,0,0,0,0,1,0,0,0,0,1],"children":[{"name":"mixamorig:LeftHandThumb2","transformation":[1,0,0,0,0,1,0,4.0213,0,0,1,0,0,0,0,1],"children":[{"name":"mixamorig:LeftHandThumb3","transformation":[1,0,0,0,0,1,0,3.9527,0,0,1,0,0,0,0,1],"children":[{"name":"mixamorig:LeftHandThumb4","transformation":[1,0,0,0,0,1,0,4.3861,0,0,1,0,0,0,0,1]}]}]}]}]}]}]},{"name":"mixamorig:LeftHandIndex1","transformation":[1,0.000570372,2.56172e-07,-3.7288,-0.000570372,0.999999,0.000898265,12.1491,2.56172e-07,-0.000898265,1,0.6793,0,0,0,1],"children":[{"name":"mixamorig:LeftHandIndex2","transformation":[1,0,0,0,0,1,0,3.2781,0,0,1,0,0,0,0,1],"children":[{"name":"mixamorig:LeftHandIndex3","transformation":[1,0,0,0,0,1,0,3.3335,0,0,1,0,0,0,0,1],"children":[{"name":"mixamorig:LeftHandIndex4","transformation":[1,0,0,0,0,1,0,3.6405,0,0,1,0,0,0,0,1]}]}]}]},{"name":"mixamorig:LeftHandMiddle1","transformation":[1,0.000570372,2.56172e-07,0.0069,-0.000570372,0.999999,0.000898265,12.1345,2.56172e-07,-0.000898265,1,-0.0109,0,0,0,1],"children":[{"name":"mixamorig:LeftHandMiddle2","transformation":[1,0,0,0,0,1,0,3.4183,0,0,1,0,0,0,0,1],"children":[{"name":"mixamorig:LeftHandMiddle3","transformation":[1,0,0,0,0,1,0,3.2986,0,0,1,0,0,0,0,1],"children":[{"name":"mixamorig:LeftHandMiddle4","transformation":[1,0,0,0,0,1,0,4.8581,0,0,1,0,0,0,0,1]}]}]}]},{"name":"mixamorig:LeftHandRing1","transformation":[1,0.000570372,2.56172e-07,2.9987,-0.000570372,0.999999,0.000898265,12.3292,2.56172e-07,-0.000898265,1,-0.1069,0,0,0,1],"children":[{"name":"mixamorig:LeftHandRing2","transformation":[1,0,0,0,0,1,0,3.0586,0,0,1,0,0,0,0,1],"children":[{"name":"mixamorig:LeftHandRing3","transformation":[1,0,0,0,0,1,0,3.2895,0,0,1,0,0,0,0,1],"children":[{"name":"mixamorig:LeftHandRing4","transformation":[1,0,0,0,0,1,0,4.0937,0,0,1,0,0,0,0,1]}]}]}]},{"name":"mixamorig:LeftHandPinky1","transformation":[1,0.000570372,2.56172e-07,5.7315,-0.000570372,0.999999,0.000898265,11.3855,2.56172e-07,-0.000898265,1,0.7701,0,0,0,1],"children":[{"name":"mixamorig:LeftHandPinky2","transformation":[1,0,0,0,0,1,0,2.8562,0,0,1,0,0,0,0,1],"children":[{"name":"mixamorig:LeftHandPinky3","transformation":[1,0,0,0,0,1,0,2.868,0,0,1,0,0,0,0,1],"children":[{"name":"mixamorig:LeftHandPinky4","transformation":[1,0,0,0,0,1,0,2.9502,0,0,1,0,0,0,0,1]}]}]}]}]}]}]}]}]}]}]}]}]}]},{"name":"mixamorig:RightShoulder_$AssimpFbx$_Translation","transformation":[1,0,0,-4.2174,0,1,0,16.5613,0,0,1,-4.0611,0,0,0,1],"children":[{"name":"mixamorig:RightShoulder_$AssimpFbx$_PreRotation","transformation":[-0.30118,-0.945311,-0.12521,0,0.03801,0.119302,-0.99213,0,0.952809,-0.303569,-1.32694e-08,0,0,0,0,1],"children":[{"name":"mixamorig:RightShoulder_$AssimpFbx$_Rotation","transformation":[1,-3.69484e-10,-1.08498e-05,0,0,1,-3.40543e-05,0,1.08498e-05,3.40543e-05,1,0,0,0,0,1],"children":[{"name":"mixamorig:RightShoulder","transformation":[1,0,0,0,0,1,0,0,0,0,1,0,0,0,0,1],"children":[{"name":"mixamorig:RightArm_$AssimpFbx$_Translation","transformation":[1,0,0,0,0,1,0,5.6077,0,0,1,0,0,0,0,1],"children":[{"name":"mixamorig:RightArm_$AssimpFbx$_PreRotation","transformation":[0.952809,0.30118,-0.03801,0,-0.303569,0.945311,-0.119302,0,0,0.12521,0.99213,0,0,0,0,1],"children":[{"name":"mixamorig:RightArm_$AssimpFbx$_Rotation","transformation":[1,-9.79243e-08,-3.36822e-12,0,9.79243e-08,1,3.43962e-05,0,0,-3.43962e-05,1,0,0,0,0,1],"children":[{"name":"mixamorig:RightArm","transformation":[1,0,0,0,0,1,0,0,0,0,1,0,0,0,0,1],"children":[{"name":"mixamorig:RightForeArm","transformation":[1,0,0,0,0,1,0,21.8692,0,0,1,0,0,0,0,1],"children":[{"name":"mixamorig:RightHand","transformation":[1,0.000568284,-0.000382978,0,-0.000568631,0.999999,-0.000906513,23.8653,0.000382463,0.000906731,1,0,0,0,0,1],"children":[{"name":"mixamorig:RightHandThumb1_$AssimpFbx$_Translation","transformation":[1,0,0,3.1073,0,1,0,4.3772,0,0,1,2.079,0,0,0,1],"children":[{"name":"mixamorig:RightHandThumb1_$AssimpFbx$_PreRotation","transformation":[0.860735,0.44836,-0.241058,0,-0.508761,0.773715,-0.377528,0,0.0172413,0.447593,0.894071,0,0,0,0,1],"children":[{"name":"mixamorig:RightHandThumb1_$AssimpFbx$_Rotation","transformation":[0.999998,-0.0020245,-1.3773e-06,0,0.0020245,0.999997,0.00136064,0,-1.37731e-06,-0.00136064,0.999999,0,0,0,0,1],"children":[{"name":"mixamorig:RightHandThumb1","transformation":[1,0,0,0,0,1,0,0,0,0,1,0,0,0,0,1],"children":[{"name":"mixamorig:RightHandThumb2_$AssimpFbx$_Translation","transformation":[1,0,0,-0,0,1,0,4.0215,0,0,1,0,0,0,0,1],"children":[{"name":"mixamorig:RightHandThumb2_$AssimpFbx$_PreRotation","transformation":[1,-5.23599e-06,-3.28987e-10,0,5.23599e-06,1,6.28319e-05,0,0,-6.28319e-05,1,0,0,0,0,1],"children":[{"name":"mixamorig:RightHandThumb2_$AssimpFbx$_Rotation","transformation":[1,5.23599e-06,-3.28987e-10,0,-5.23599e-06,1,-6.28319e-05,0,0,6.28319e-05,1,0,0,0,0,1],"children":[{"name":"mixamorig:RightHandThumb2","transformation":[1,0,0,0,0,1,0,0,0,0,1,0,0,0,0,1],"children":[{"name":"mixamorig:RightHandThumb3_$AssimpFbx$_Translation","transformation":[1,0,0,-0,0,1,0,3.9527,0,0,1,-0,0,0,0,1],"children":[{"name":"mixamorig:RightHandThumb3_$AssimpFbx$_PreRotation","transformation":[1,1.5708e-05,2.90605e-09,0,-1.5708e-05,1,0.000185005,0,0,-0.000185005,1,0,0,0,0,1],"children":[{"name":"mixamorig:RightHandThumb3_$AssimpFbx$_Rotation","transformation":[1,-1.5708e-05,2.90605e-09,0,1.5708e-05,1,-0.000185005,0,0,0.000185005,1,0,0,0,0,1],"children":[{"name":"mixamorig:RightHandThumb3","transformation":[1,0,0,0,0,1,0,0,0,0,1,0,0,0,0,1],"children":[{"name":"mixamorig:RightHandThumb4","transformation":[1,0,0,0,0,1,0,4.3856,0,0,1,0,0,0,0,1]}]}]}]}]}]}]}]}]}]}]}]}]},{"name":"mixamorig:RightHandIndex1","transformation":[1,-0.000570376,-2.58527e-07,3.7288,0.000570376,0.999999,0.000906513,12.1491,-2.58527e-07,-0.000906513,1,0.68,0,0,0,1],"children":[{"name":"mixamorig:RightHandIndex2","transformation":[1,0,0,0,0,1,0,3.2781,0,0,1,0,0,0,0,1],"children":[{"name":"mixamorig:RightHandIndex3","transformation":[1,0,0,0,0,1,0,3.3335,0,0,1,0,0,0,0,1],"children":[{"name":"mixamorig:RightHandIndex4","transformation":[1,0,0,0,0,1,0,3.6405,0,0,1,0,0,0,0,1]}]}]}]},{"name":"mixamorig:RightHandMiddle1","transformation":[1,-0.000572122,-2.59318e-07,-0.0069,0.000572122,0.999999,0.000906513,12.1344,-2.59318e-07,-0.000906513,1,-0.011,0,0,0,1],"children":[{"name":"mixamorig:RightHandMiddle2","transformation":[1,0,0,0,0,1,0,3.4184,0,0,1,0,0,0,0,1],"children":[{"name":"mixamorig:RightHandMiddle3","transformation":[1,0,0,0,0,1,0,3.2986,0,0,1,0,0,0,0,1],"children":[{"name":"mixamorig:RightHandMiddle4","transformation":[1,0,0,0,0,1,0,4.8581,0,0,1,0,0,0,0,1]}]}]}]},{"name":"mixamorig:RightHandRing1","transformation":[1,-0.000568631,-2.57736e-07,-2.9987,0.000568631,0.999999,0.000906513,12.3291,-2.57736e-07,-0.000906513,1,-0.107,0,0,0,1],"children":[{"name":"mixamorig:RightHandRing2","transformation":[1,0,0,0,0,1,0,3.0587,0,0,1,0,0,0,0,1],"children":[{"name":"mixamorig:RightHandRing3","transformation":[1,0,0,0,0,1,0,3.2895,0,0,1,0,0,0,0,1],"children":[{"name":"mixamorig:RightHandRing4","transformation":[1,0,0,0,0,1,0,4.0937,0,0,1,0,0,0,0,1]}]}]}]},{"name":"mixamorig:RightHandPinky1","transformation":[1,-0.000568631,-2.57736e-07,-5.7315,0.000568631,0.999999,0.000906513,11.3855,-2.57736e-07,-0.000906513,1,0.771,0,0,0,1],"children":[{"name":"mixamorig:RightHandPinky2","transformation":[1,0,0,0,0,1,0,2.8562,0,0,1,0,0,0,0,1],"children":[{"name":"mixamorig:RightHandPinky3","transformation":[1,0,0,0,0,1,0,2.868,0,0,1,0,0,0,0,1],"children":[{"name":"mixamorig:RightHandPinky4","transformation":[1,0,0,0,0,1,0,2.9502,0,0,1,0,0,0,0,1]}]}]}]}]}]}]}]}]}]}]}]}]}]},{"name":"mixamorig:Scart1_$AssimpFbx$_Translation","transformation":[1,0,0,5.4097,0,1,0,17.8196,0,0,1,5.0113,0,0,0,1],"children":[{"name":"mixamorig:Scart1_$AssimpFbx$_PreRotation","transformation":[0.999263,-0.0383843,3.35566e-09,0,-0.0383843,-0.999263,8.73584e-08,0,0,-8.74228e-08,-1,0,0,0,0,1],"children":[{"name":"mixamorig:Scart1","transformation":[1,0,0,0,0,1,0,0,0,0,1,0,0,0,0,1],"children":[{"name":"mixamorig:Scart2_$AssimpFbx$_Translation","transformation":[1,0,0,-0,0,1,0,9.1706,0,0,1,0,0,0,0,1],"children":[{"name":"mixamorig:Scart2_$AssimpFbx$_PreRotation","transformation":[0.981548,0.191213,0,0,-0.191213,0.981548,0,0,0,0,1,0,0,0,0,1],"children":[{"name":"mixamorig:Scart2","transformation":[1,0,0,0,0,1,0,0,0,0,1,0,0,0,0,1],"children":[{"name":"mixamorig:Scart3","transformation":[1,0,0,0,0,1,0,8.2989,0,0,1,0,0,0,0,1],"children":[{"name":"mixamorig:Scart4","transformation":[1,0,0,0,0,1,0,10.2847,0,0,1,0,0,0,0,1]}]}]}]}]}]}]}]}]}]}]}]}]}]}]}]}]},{"name":"mixamorig:LeftUpLeg_$AssimpFbx$_Translation","transformation":[1,0,0,8.267,0,1,0,-4.7955,0,0,1,-0.3791,0,0,0,1],"children":[{"name":"mixamorig:LeftUpLeg_$AssimpFbx$_PreRotation","transformation":[-1,7.33451e-05,-2.44631e-07,0,-7.33455e-05,-0.999994,0.00333532,0,0,0.00333532,0.999994,0,0,0,0,1],"children":[{"name":"mixamorig:LeftUpLeg_$AssimpFbx$_Rotation","transformation":[1,7.33204e-05,-2.44548e-07,0,-7.33204e-05,1,1.79304e-11,0,2.44548e-07,0,1,0,0,0,0,1],"children":[{"name":"mixamorig:LeftUpLeg","transformation":[1,0,0,0,0,1,0,0,0,0,1,0,0,0,0,1],"children":[{"name":"mixamorig:LeftLeg_$AssimpFbx$_Translation","transformation":[1,0,0,-0,0,1,0,33.8315,0,0,1,-0,0,0,0,1],"children":[{"name":"mixamorig:LeftLeg_$AssimpFbx$_PreRotation","transformation":[1,3.48164e-06,2.50795e-07,0,-3.49066e-06,0.997416,0.0718473,0,0,-0.0718473,0.997416,0,0,0,0,1],"children":[{"name":"mixamorig:LeftLeg","transformation":[1,0,0,0,0,1,0,0,0,0,1,0,0,0,0,1],"children":[{"name":"mixamorig:LeftFoot_$AssimpFbx$_Translation","transformation":[1,0,0,0,0,1,0,33.2721,0,0,1,0,0,0,0,1],"children":[{"name":"mixamorig:LeftFoot_$AssimpFbx$_PreRotation","transformation":[0.998696,-0.0498243,-0.011113,0,0.0223811,0.62301,-0.781894,0,0.0458808,0.780626,0.623313,0,0,0,0,1],"children":[{"name":"mixamorig:LeftFoot_$AssimpFbx$_Rotation","transformation":[1,-4.95225e-05,5.39717e-05,0,4.95227e-05,1,-3.24233e-06,0,-5.39715e-05,3.24501e-06,1,0,0,0,0,1],"children":[{"name":"mixamorig:LeftFoot","transformation":[1,0,0,0,0,1,0,0,0,0,1,0,0,0,0,1],"children":[{"name":"mixamorig:LeftToeBase_$AssimpFbx$_Translation","transformation":[1,0,0,0,0,1,0,19,0,0,1,-0,0,0,0,1],"children":[{"name":"mixamorig:LeftToeBase_$AssimpFbx$_PreRotation","transformation":[0.999649,0.00703283,-0.0255385,0,-0.0224269,0.737767,-0.674682,0,0.0140966,0.675019,0.737666,0,0,0,0,1],"children":[{"name":"mixamorig:LeftToeBase","transformation":[1,0,0,0,0,1,0,0,0,0,1,0,0,0,0,1],"children":[{"name":"mixamorig:LeftToe_End","transformation":[1,0,0,0,0,1,0,13.6188,0,0,1,0,0,0,0,1]}]}]}]}]}]}]}]}]}]}]}]}]}]}]},{"name":"mixamorig:RightUpLeg_$AssimpFbx$_Translation","transformation":[1,0,0,-8.267,0,1,0,-4.7955,0,0,1,-0.3791,0,0,0,1],"children":[{"name":"mixamorig:RightUpLeg_$AssimpFbx$_PreRotation","transformation":[-1,-7.66829e-05,2.55763e-07,0,7.66834e-05,-0.999994,0.00333532,0,0,0.00333532,0.999994,0,0,0,0,1],"children":[{"name":"mixamorig:RightUpLeg_$AssimpFbx$_Rotation","transformation":[1,-7.33204e-05,2.44548e-07,0,7.33204e-05,1,1.79304e-11,0,-2.44548e-07,0,1,0,0,0,0,1],"children":[{"name":"mixamorig:RightUpLeg","transformation":[1,0,0,0,0,1,0,0,0,0,1,0,0,0,0,1],"children":[{"name":"mixamorig:RightLeg_$AssimpFbx$_Translation","transformation":[1,0,0,0,0,1,0,33.8315,0,0,1,-0,0,0,0,1],"children":[{"name":"mixamorig:RightLeg_$AssimpFbx$_PreRotation","transformation":[1,-3.48164e-06,-2.50795e-07,0,3.49066e-06,0.997416,0.0718473,0,0,-0.0718473,0.997416,0,0,0,0,1],"children":[{"name":"mixamorig:RightLeg","transformation":[1,0,0,0,0,1,0,0,0,0,1,0,0,0,0,1],"children":[{"name":"mixamorig:RightFoot_$AssimpFbx$_Translation","transformation":[1,0,0,-0,0,1,0,33.272,0,0,1,0,0,0,0,1],"children":[{"name":"mixamorig:RightFoot_$AssimpFbx$_PreRotation","transformation":[0.998696,0.0498234,0.0111171,0,-0.0223776,0.623015,-0.781889,0,-0.0458826,0.780621,0.623318,0,0,0,0,1],"children":[{"name":"mixamorig:RightFoot_$AssimpFbx$_Rotation","transformation":[1,4.95229e-05,-5.39714e-05,0,-4.9523e-05,1,-3.24248e-06,0,5.39712e-05,3.24515e-06,1,0,0,0,0,1],"children":[{"name":"mixamorig:RightFoot","transformation":[1,0,0,0,0,1,0,0,0,0,1,0,0,0,0,1],"children":[{"name":"mixamorig:RightToeBase_$AssimpFbx$_Translation","transformation":[1,0,0,-0,0,1,0,19,0,0,1,0,0,0,0,1],"children":[{"name":"mixamorig:RightToeBase_$AssimpFbx$_PreRotation","transformation":[0.999649,-0.00703421,0.0255397,0,0.0224286,0.73777,-0.67468,0,-0.0140966,0.675016,0.737668,0,0,0,0,1],"children":[{"name":"mixamorig:RightToeBase","transformation":[1,0,0,0,0,1,0,0,0,0,1,0,0,0,0,1],"children":[{"name":"mixamorig:RightToe_End","transformation":[1,0,0,0,0,1,0,13.619,0,0,1,0,0,0,0,1]}]}]}]}]}]}]}]}]}]}]}]}]}]}]}]}]},"flags":9,"animations":[{"name":"mixamo.com","tickspersecond":30,"duration":1,"channels":[{"name":"mixamorig:Head","prestate":0,"poststate":0,"positionkeys":[[0,[-0.0007,8.9184,1.0073]]],"rotationkeys":[[0,[0.998574,0.0453206,0.0261518,0.0106179]]],"scalingkeys":[[0,[1,1,1]]]},{"name":"mixamorig:Hips","prestate":0,"poststate":0,"positionkeys":[[0,[0.0494492,47.5403,-0.203554]],[1,[0.0494492,47.5403,-0.203554]]],"rotationkeys":[[0,[0.928549,-0.366348,-0.00505732,-0.0596593]],[1,[0.928549,-0.366348,-0.00505732,-0.0596593]]],"scalingkeys":[[0,[1,1,1]],[1,[1,1,1]]]},{"name":"mixamorig:LeftArm","prestate":0,"poststate":0,"positionkeys":[[0,[0,5.6077,0]]],"rotationkeys":[[0,[0.739283,0.526348,0.312191,0.280991]]],"scalingkeys":[[0,[1,1,1]]]},{"name":"mixamorig:LeftFoot","prestate":0,"poststate":0,"positionkeys":[[0,[0,33.2721,0]]],"rotationkeys":[[0,[0.962713,0.267481,0.0324544,0.0241842]]],"scalingkeys":[[0,[1,1,1]]]},{"name":"mixamorig:LeftForeArm","prestate":0,"poststate":0,"positionkeys":[[0,[0,21.8692,0]]],"rotationkeys":[[0,[0.80943,-0.111822,0.163872,0.552688]]],"scalingkeys":[[0,[1,1,1]]]},{"name":"mixamorig:LeftHand","prestate":0,"poststate":0,"positionkeys":[[0,[0,23.8653,0]]],"rotationkeys":[[0,[0.840475,-0.31683,0.378607,0.223333]]],"scalingkeys":[[0,[1,1,1]]]},{"name":"mixamorig:LeftHandIndex1","prestate":0,"poststate":0,"positionkeys":[[0,[-3.7288,12.1491,0.6793]]],"rotationkeys":[[0,[0.979477,0.193769,0.0218557,-0.0509982]]],"scalingkeys":[[0,[1,1,1]]]},{"name":"mixamorig:LeftHandIndex2","prestate":0,"poststate":0,"positionkeys":[[0,[0,3.2781,0]]],"rotationkeys":[[0,[0.980951,0.194243,-0.000139591,-0.0021773]]],"scalingkeys":[[0,[1,1,1]]]},{"name":"mixamorig:LeftHandIndex3","prestate":0,"poststate":0,"positionkeys":[[0,[0,3.3335,0]]],"rotationkeys":[[0,[0.986732,0.162351,0.000338196,-0.00161143]]],"scalingkeys":[[0,[1,1,1]]]},{"name":"mixamorig:LeftHandMiddle1","prestate":0,"poststate":0,"positionkeys":[[0,[0.0069,12.1345,-0.0109]]],"rotationkeys":[[0,[0.988361,0.142548,-0.024776,-0.046993]]],"scalingkeys":[[0,[1,1,1]]]},{"name":"mixamorig:LeftHandMiddle2","prestate":0,"poststate":0,"positionkeys":[[0,[0,3.4183,0]]],"rotationkeys":[[0,[0.966469,0.256717,-0.000101213,-0.00575084]]],"scalingkeys":[[0,[1,1,1]]]},{"name":"mixamorig:LeftHandMiddle3","prestate":0,"poststate":0,"positionkeys":[[0,[0,3.2986,0]]],"rotationkeys":[[0,[0.99205,0.125844,0.000328578,-0.000451205]]],"scalingkeys":[[0,[1,1,1]]]},{"name":"mixamorig:LeftHandPinky1","prestate":0,"poststate":0,"positionkeys":[[0,[5.7315,11.3855,0.7701]]],"rotationkeys":[[0,[0.986042,0.122855,-0.0664655,-0.0906151]]],"scalingkeys":[[0,[1,1,1]]]},{"name":"mixamorig:LeftHandPinky2","prestate":0,"poststate":0,"positionkeys":[[0,[0,2.8562,0]]],"rotationkeys":[[0,[0.976859,0.213872,-0.000318854,-0.00215318]]],"scalingkeys":[[0,[1,1,1]]]},{"name":"mixamorig:LeftHandPinky3","prestate":0,"poststate":0,"positionkeys":[[0,[0,2.868,0]]],"rotationkeys":[[0,[0.99893,0.0462392,1.18185e-05,-0.00121189]]],"scalingkeys":[[0,[1,1,1]]]},{"name":"mixamorig:LeftHandRing1","prestate":0,"poststate":0,"positionkeys":[[0,[2.9987,12.3292,-0.1069]]],"rotationkeys":[[0,[0.990178,0.0993478,-0.0517233,-0.0836792]]],"scalingkeys":[[0,[1,1,1]]]},{"name":"mixamorig:LeftHandRing2","prestate":0,"poststate":0,"positionkeys":[[0,[0,3.0586,0]]],"rotationkeys":[[0,[0.958075,0.286502,-0.00108941,-0.00269051]]],"scalingkeys":[[0,[1,1,1]]]},{"name":"mixamorig:LeftHandRing3","prestate":0,"poststate":0,"positionkeys":[[0,[0,3.2895,0]]],"rotationkeys":[[0,[0.990475,0.137558,0.000161208,-0.00616061]]],"scalingkeys":[[0,[1,1,1]]]},{"name":"mixamorig:LeftHandThumb1","prestate":0,"poststate":0,"positionkeys":[[0,[-3.1073,4.3773,2.0787]]],"rotationkeys":[[0,[0.966205,0.105762,0.0796092,0.221188]]],"scalingkeys":[[0,[1,1,1]]]},{"name":"mixamorig:LeftHandThumb2","prestate":0,"poststate":0,"positionkeys":[[0,[0,4.0213,0]]],"rotationkeys":[[0,[0.996471,0.0376344,0.00299433,-0.0749638]]],"scalingkeys":[[0,[1,1,1]]]},{"name":"mixamorig:LeftHandThumb3","prestate":0,"poststate":0,"positionkeys":[[0,[0,3.9527,0]]],"rotationkeys":[[0,[0.998423,-0.0317034,-0.00472061,-0.0460995]]],"scalingkeys":[[0,[1,1,1]]]},{"name":"mixamorig:LeftLeg","prestate":0,"poststate":0,"positionkeys":[[0,[0,33.8315,0]]],"rotationkeys":[[0,[0.580174,-0.805176,-0.103892,0.0655453]]],"scalingkeys":[[0,[1,1,1]]]},{"name":"mixamorig:LeftShoulder","prestate":0,"poststate":0,"positionkeys":[[0,[4.2174,16.5609,-4.0611]]],"rotationkeys":[[0,[0.505045,0.430012,0.581516,-0.47102]]],"scalingkeys":[[0,[1,1,1]]]},{"name":"mixamorig:LeftToeBase","prestate":0,"poststate":0,"positionkeys":[[0,[0,19,0]]],"rotationkeys":[[0,[0.941718,0.336179,-0.00945114,-0.00781927]]],"scalingkeys":[[0,[1,1,1]]]},{"name":"mixamorig:LeftUpLeg","prestate":0,"poststate":0,"positionkeys":[[0,[8.267,-4.7955,-0.3791]]],"rotationkeys":[[0,[0.142556,0.50253,0.607907,0.597989]]],"scalingkeys":[[0,[1,1,1]]]},{"name":"mixamorig:Neck","prestate":0,"poststate":0,"positionkeys":[[0,[-0.0016,21.6844,-3.0966]]],"rotationkeys":[[0,[0.978501,0.198276,0.00357342,0.0566618]]],"scalingkeys":[[0,[1,1,1]]]},{"name":"mixamorig:RightArm","prestate":0,"poststate":0,"positionkeys":[[0,[0,5.6077,0]]],"rotationkeys":[[0,[0.718128,0.50284,-0.242026,-0.415774]]],"scalingkeys":[[0,[1,1,1]]]},{"name":"mixamorig:RightFoot","prestate":0,"poststate":0,"positionkeys":[[0,[0,33.272,0]]],"rotationkeys":[[0,[0.968773,0.238273,-0.00347997,-0.068505]]],"scalingkeys":[[0,[1,1,1]]]},{"name":"mixamorig:RightForeArm","prestate":0,"poststate":0,"positionkeys":[[0,[0,21.8692,0]]],"rotationkeys":[[0,[0.868684,-0.0717178,-0.132096,-0.472013]]],"scalingkeys":[[0,[1,1,1]]]},{"name":"mixamorig:RightHand","prestate":0,"poststate":0,"positionkeys":[[0,[0,23.8653,0]]],"rotationkeys":[[0,[0.960254,0.0219049,-0.266747,-0.0792411]]],"scalingkeys":[[0,[1,1,1]]]},{"name":"mixamorig:RightHandIndex1","prestate":0,"poststate":0,"positionkeys":[[0,[3.7288,12.1491,0.68]]],"rotationkeys":[[0,[0.991718,0.115823,-0.0101577,0.0545723]]],"scalingkeys":[[0,[1,1,1]]]},{"name":"mixamorig:RightHandIndex2","prestate":0,"poststate":0,"positionkeys":[[0,[0,3.2781,0]]],"rotationkeys":[[0,[0.998964,0.0454541,-2.7148e-05,0.00209162]]],"scalingkeys":[[0,[1,1,1]]]},{"name":"mixamorig:RightHandIndex3","prestate":0,"poststate":0,"positionkeys":[[0,[0,3.3335,0]]],"rotationkeys":[[0,[0.999038,0.0438357,-0.000143422,0.00150936]]],"scalingkeys":[[0,[1,1,1]]]},{"name":"mixamorig:RightHandMiddle1","prestate":0,"poststate":0,"positionkeys":[[0,[-0.0069,12.1344,-0.011]]],"rotationkeys":[[0,[0.996337,0.0807674,0.0078207,0.0269641]]],"scalingkeys":[[0,[1,1,1]]]},{"name":"mixamorig:RightHandMiddle2","prestate":0,"poststate":0,"positionkeys":[[0,[0,3.4184,0]]],"rotationkeys":[[0,[0.964111,0.265439,-0.000128142,0.00563266]]],"scalingkeys":[[0,[1,1,1]]]},{"name":"mixamorig:RightHandMiddle3","prestate":0,"poststate":0,"positionkeys":[[0,[0,3.2986,0]]],"rotationkeys":[[0,[0.994962,0.100251,-0.000142185,0.000120135]]],"scalingkeys":[[0,[1,1,1]]]},{"name":"mixamorig:RightHandPinky1","prestate":0,"poststate":0,"positionkeys":[[0,[-5.7315,11.3855,0.771]]],"rotationkeys":[[0,[0.986649,0.155824,0.0301616,0.0365141]]],"scalingkeys":[[0,[1,1,1]]]},{"name":"mixamorig:RightHandPinky2","prestate":0,"poststate":0,"positionkeys":[[0,[0,2.8562,0]]],"rotationkeys":[[0,[0.976611,0.21501,-1.21771e-05,0.00155966]]],"scalingkeys":[[0,[1,1,1]]]},{"name":"mixamorig:RightHandPinky3","prestate":0,"poststate":0,"positionkeys":[[0,[0,2.868,0]]],"rotationkeys":[[0,[0.955659,0.294471,-0.000344016,0.00168933]]],"scalingkeys":[[0,[1,1,1]]]},{"name":"mixamorig:RightHandRing1","prestate":0,"poststate":0,"positionkeys":[[0,[-2.9987,12.3291,-0.107]]],"rotationkeys":[[0,[0.992207,0.0942971,0.0404108,0.0707173]]],"scalingkeys":[[0,[1,1,1]]]},{"name":"mixamorig:RightHandRing2","prestate":0,"poststate":0,"positionkeys":[[0,[0,3.0587,0]]],"rotationkeys":[[0,[0.959017,0.283336,0.000751274,0.00244017]]],"scalingkeys":[[0,[1,1,1]]]},{"name":"mixamorig:RightHandRing3","prestate":0,"poststate":0,"positionkeys":[[0,[0,3.2895,0]]],"rotationkeys":[[0,[0.974915,0.222486,-0.000638098,0.0063127]]],"scalingkeys":[[0,[1,1,1]]]},{"name":"mixamorig:RightHandThumb1","prestate":0,"poststate":0,"positionkeys":[[0,[3.1073,4.3772,2.079]]],"rotationkeys":[[0,[0.953457,0.215901,-0.0664982,-0.19971]]],"scalingkeys":[[0,[1,1,1]]]},{"name":"mixamorig:RightHandThumb2","prestate":0,"poststate":0,"positionkeys":[[0,[0,4.0215,0]]],"rotationkeys":[[0,[0.98424,0.0391305,-0.00371276,0.172416]]],"scalingkeys":[[0,[1,1,1]]]},{"name":"mixamorig:RightHandThumb3","prestate":0,"poststate":0,"positionkeys":[[0,[0,3.9527,0]]],"rotationkeys":[[0,[0.99749,-0.0350542,-0.00146595,-0.0614987]]],"scalingkeys":[[0,[1,1,1]]]},{"name":"mixamorig:RightLeg","prestate":0,"poststate":0,"positionkeys":[[0,[0,33.8315,0]]],"rotationkeys":[[0,[0.826186,-0.560067,0.0509897,-0.0338005]]],"scalingkeys":[[0,[1,1,1]]]},{"name":"mixamorig:RightShoulder","prestate":0,"poststate":0,"positionkeys":[[0,[-4.2174,16.5613,-4.0611]]],"rotationkeys":[[0,[-0.452417,-0.455457,0.573176,-0.509261]]],"scalingkeys":[[0,[1,1,1]]]},{"name":"mixamorig:RightToeBase","prestate":0,"poststate":0,"positionkeys":[[0,[0,19,0]]],"rotationkeys":[[0,[0.927218,0.37427,0.0111924,0.00793971]]],"scalingkeys":[[0,[1,1,1]]]},{"name":"mixamorig:RightUpLeg","prestate":0,"poststate":0,"positionkeys":[[0,[-8.267,-4.7955,-0.3791]]],"rotationkeys":[[0,[-0.0616983,-0.0577853,0.386444,0.918431]]],"scalingkeys":[[0,[1,1,1]]]},{"name":"mixamorig:Spine","prestate":0,"poststate":0,"positionkeys":[[0,[0,7.722,1.1662]]],"rotationkeys":[[0,[0.986146,0.150067,0.0133115,0.0694114]]],"scalingkeys":[[0,[1,1,1]]]},{"name":"mixamorig:Spine1","prestate":0,"poststate":0,"positionkeys":[[0,[0,9.5984,0]]],"rotationkeys":[[0,[0.999765,-0.0159239,0.0114548,-0.00925242]]],"scalingkeys":[[0,[1,1,1]]]},{"name":"mixamorig:Spine2","prestate":0,"poststate":0,"positionkeys":[[0,[0,11.0482,0]]],"rotationkeys":[[0,[0.998929,0.0442985,0.0088676,-0.00997164]]],"scalingkeys":[[0,[1,1,1]]]}]}]}