{"__metadata__":{"format":"assimp2json","version":100},"rootnode":{"name":"RootNode","transformation":[1,0,0,0,0,1,0,0,0,0,1,0,0,0,0,1],"children":[{"name":"mixamorig:Hips","transformation":[1,0,0,0,0,1,0,69.7767,0,0,1,0,0,0,0,1],"children":[{"name":"mixamorig:Spine_$AssimpFbx$_Translation","transformation":[1,0,0,0,0,1,0,3.9624,0,0,1,-0.2743,0,0,0,1],"children":[{"name":"mixamorig:Spine_$AssimpFbx$_PreRotation","transformation":[1,0,0,0,0,0.999144,0.0413647,0,0,-0.0413647,0.999144,0,0,0,0,1],"children":[{"name":"mixamorig:Spine","transformation":[1,0,0,0,0,1,0,0,0,0,1,0,0,0,0,1],"children":[{"name":"mixamorig:Spine1","transformation":[1,0,0,0,0,1,0,14.1233,0,0,1,0.2644,0,0,0,1],"children":[{"name":"mixamorig:Spine2","transformation":[1,0,0,0,0,1,0,11.4045,0,0,1,0.1061,0,0,0,1],"children":[{"name":"mixamorig:Neck_$AssimpFbx$_Translation","transformation":[1,0,0,0,0,1,0,9.9467,0,0,1,-0,0,0,0,1],"children":[{"name":"mixamorig:Neck_$AssimpFbx$_PreRotation","transformation":[1,0,0,0,0,0.999144,-0.0413647,0,0,0.0413647,0.999144,0,0,0,0,1],"children":[{"name":"mixamorig:Neck","transformation":[1,0,0,0,0,1,0,0,0,0,1,0,0,0,0,1],"children":[{"name":"mixamorig:Head","transformation":[1,0,0,0,0,1,0,8.5791,0,0,1,0.1142,0,0,0,1],"children":[{"name":"mixamorig:HeadTop_End","transformation":[1,0,0,0,0,1,0,25.0891,0,0,1,0.3339,0,0,0,1]}]}]}]}]},{"name":"mixamorig:LeftShoulder_$AssimpFbx$_Translation","transformation":[1,0,0,4.2241,0,1,0,8.8984,0,0,1,-0.0566,0,0,0,1],"children":[{"name":"mixamorig:LeftShoulder_$AssimpFbx$_PreRotation","transformation":[-0.0131448,0.971718,-0.235776,0,-0.000122193,-0.235798,-0.971802,0,-0.999914,-0.0127453,0.00321825,0,0,0,0,1],"children":[{"name":"mixamorig:LeftShoulder_$AssimpFbx$_Rotation","transformation":[1,7.41093e-05,5.02486e-06,0,-7.41006e-05,0.999999,-0.00170533,0,-5.15123e-06,0.00170533,0.999999,0,0,0,0,1],"children":[{"name":"mixamorig:LeftShoulder","transformation":[1,0,0,0,0,1,0,0,0,0,1,0,0,0,0,1],"children":[{"name":"mixamorig:LeftArm_$AssimpFbx$_Translation","transformation":[1,0,0,-0,0,1,0,8.861,0,0,1,-0,0,0,0,1],"children":[{"name":"mixamorig:LeftArm_$AssimpFbx$_PreRotation","transformation":[0.999397,-0.033793,-0.00799144,0,0.0347251,0.972572,0.229996,0,0,-0.230135,0.973159,0,0,0,0,1],"children":[{"name":"mixamorig:LeftArm_$AssimpFbx$_Rotation","transformation":[0.999789,0.0205213,6.28927e-06,0,-0.0205207,0.999761,0.00755717,0,0.000148795,-0.00755571,0.999971,0,0,0,0,1],"children":[{"name":"mixamorig:LeftArm","transformation":[1,0,0,0,0,1,0,0,0,0,1,0,0,0,0,1],"children":[{"name":"mixamorig:LeftForeArm_$AssimpFbx$_Translation","transformation":[1,0,0,-0,0,1,0,18.9752,0,0,1,0,0,0,0,1],"children":[{"name":"mixamorig:LeftForeArm_$AssimpFbx$_PreRotation","transformation":[0.999737,-0.022928,-0.00057276,0,0.0229351,0.999425,0.0249665,0,0,-0.0249731,0.999688,0,0,0,0,1],"children":[{"name":"mixamorig:LeftForeArm_$AssimpFbx$_Rotation","transformation":[0.999737,0.0229351,-0.000286387,0,-0.0229351,0.999425,-0.0249665,0,-0.000286387,0.0249665,0.999688,0,0,0,0,1],"children":[{"name":"mixamorig:LeftForeArm","transformation":[1,0,0,0,0,1,0,0,0,0,1,0,0,0,0,1],"children":[{"name":"mixamorig:LeftHand_$AssimpFbx$_Translation","transformation":[1,0,0,-0,0,1,0,19.896,0,0,1,0,0,0,0,1],"children":[{"name":"mixamorig:LeftHand_$AssimpFbx$_PreRotation","transformation":[0.997699,0.0444595,0.0511831,0,-0.0457781,0.998642,0.0248847,0,-0.0500073,-0.0271705,0.998379,0,0,0,0,1],"children":[{"name":"mixamorig:LeftHand_$AssimpFbx$_Rotation","transformation":[0.997213,0.0731684,0.0145551,0,-0.0725323,0.996553,-0.0402612,0,-0.0174507,0.0390933,0.999083,0,0,0,0,1],"children":[{"name":"mixamorig:LeftHand","transformation":[1,0,0,0,0,1,0,0,0,0,1,0,0,0,0,1],"children":[{"name":"mixamorig:LeftHandThumb1_$AssimpFbx$_Translation","transformation":[1,0,0,-2.0889,0,1,0,2.1413,0,0,1,1.2094,0,0,0,1],"children":[{"name":"mixamorig:LeftHandThumb1_$AssimpFbx$_PreRotation","transformation":[0.805204,-0.549018,0.224109,0,0.592997,0.745487,-0.304308,0,0,0.377926,0.925836,0,0,0,0,1],"children":[{"name":"mixamorig:LeftHandThumb1_$AssimpFbx$_Rotation","transformation":[0.99288,0.119063,0.00378833,0,-0.118674,0.991396,-0.0552204,0,-0.0103304,0.0543776,0.998467,0,0,0,0,1],"children":[{"name":"mixamorig:LeftHandThumb1","transformation":[1,0,0,0,0,1,0,0,0,0,1,0,0,0,0,1],"children":[{"name":"mixamorig:LeftHandThumb2_$AssimpFbx$_Translation","transformation":[1,0,0,-0.3298,0,1,0,2.5601,0,0,1,-0,0,0,0,1],"children":[{"name":"mixamorig:LeftHandThumb2_$AssimpFbx$_PreRotation","transformation":[1,0,0,0,0,0.999578,0.0290574,0,0,-0.0290574,0.999578,0,0,0,0,1],"children":[{"name":"mixamorig:LeftHandThumb2_$AssimpFbx$_Rotation","transformation":[0.987808,-0.155672,0.00144403,0,0.155648,0.987391,-0.0288714,0,0.00306864,0.0287442,0.999582,0,0,0,0,1],"children":[{"name":"mixamorig:LeftHandThumb2","transformation":[1,0,0,0,0,1,0,0,0,0,1,0,0,0,0,1],"children":[{"name":"mixamorig:LeftHandThumb3_$AssimpFbx$_Translation","transformation":[1,0,0,0.0769,0,1,0,2.7272,0,0,1,-0,0,0,0,1],"children":[{"name":"mixamorig:LeftHandThumb3_$AssimpFbx$_PreRotation","transformation":[1,0,0,0,0,0.996609,-0.0822794,0,0,0.0822794,0.996609,0,0,0,0,1],"children":[{"name":"mixamorig:LeftHandThumb3_$AssimpFbx$_Rotation","transformation":[0.996428,-0.0842534,0.00579766,0,0.0834959,0.993119,0.0821151,0,-0.0126762,-0.0813377,0.996606,0,0,0,0,1],"children":[{"name":"mixamorig:LeftHandThumb3","transformation":[1,0,0,0,0,1,0,0,0,0,1,0,0,0,0,1],"children":[{"name":"mixamorig:LeftHandThumb4","transformation":[1,0,0,0.2529,0,1,0,2.2376,0,0,1,0,0,0,0,1]}]}]}]}]}]}]}]}]}]}]}]}]},{"name":"mixamorig:LeftHandIndex1_$AssimpFbx$_Translation","transformation":[1,0,0,-2.586,0,1,0,6.9423,0,0,1,0.0297,0,0,0,1],"children":[{"name":"mixamorig:LeftHandIndex1_$AssimpFbx$_PreRotation","transformation":[0.997407,-0.0717876,0.00515827,0,0.0719727,0.994842,-0.0714839,0,0,0.0716698,0.997428,0,0,0,0,1],"children":[{"name":"mixamorig:LeftHandIndex1_$AssimpFbx$_Rotation","transformation":[0.998888,-0.0471063,-0.00203641,0,0.0471036,0.995046,0.0875527,0,-0.00209796,-0.0875512,0.996158,0,0,0,0,1],"children":[{"name":"mixamorig:LeftHandIndex1","transformation":[1,0,0,0,0,1,0,0,0,0,1,0,0,0,0,1],"children":[{"name":"mixamorig:LeftHandIndex2_$AssimpFbx$_Translation","transformation":[1,0,0,0.001,0,1,0,2.8449,0,0,1,-0,0,0,0,1],"children":[{"name":"mixamorig:LeftHandIndex2_$AssimpFbx$_PreRotation","transformation":[1,0,0,0,0,0.99974,0.0228199,0,0,-0.0228199,0.99974,0,0,0,0,1],"children":[{"name":"mixamorig:LeftHandIndex2_$AssimpFbx$_Rotation","transformation":[1,0.000839219,1.55432e-06,0,-0.000838965,0.999739,-0.0228199,0,-2.07049e-05,0.0228199,0.99974,0,0,0,0,1],"children":[{"name":"mixamorig:LeftHandIndex2","transformation":[1,0,0,0,0,1,0,0,0,0,1,0,0,0,0,1],"children":[{"name":"mixamorig:LeftHandIndex3_$AssimpFbx$_Translation","transformation":[1,0,0,-0.0013,0,1,0,2.6655,0,0,1,-0,0,0,0,1],"children":[{"name":"mixamorig:LeftHandIndex3_$AssimpFbx$_PreRotation","transformation":[1,0,0,0,0,0.99991,-0.0134474,0,0,0.0134474,0.99991,0,0,0,0,1],"children":[{"name":"mixamorig:LeftHandIndex3_$AssimpFbx$_Rotation","transformation":[1,-0.000618296,-2.40134e-06,0,0.000618272,0.999909,0.0134474,0,-5.91332e-06,-0.0134474,0.99991,0,0,0,0,1],"children":[{"name":"mixamorig:LeftHandIndex3","transformation":[1,0,0,0,0,1,0,0,0,0,1,0,0,0,0,1],"children":[{"name":"mixamorig:LeftHandIndex4","transformation":[1,0,0,0.0003,0,1,0,2.2974,0,0,1,0,0,0,0,1]}]}]}]}]}]}]}]}]}]}]}]}]},{"name":"mixamorig:LeftHandMiddle1_$AssimpFbx$_Translation","transformation":[1,0,0,-0.815,0,1,0,6.8272,0,0,1,-0.1101,0,0,0,1],"children":[{"name":"mixamorig:LeftHandMiddle1_$AssimpFbx$_PreRotation","transformation":[0.999995,0.00317647,1.23465e-05,0,-0.00317649,0.999987,0.00388682,0,0,-0.00388684,0.999992,0,0,0,0,1],"children":[{"name":"mixamorig:LeftHandMiddle1_$AssimpFbx$_Rotation","transformation":[0.993001,-0.118105,-0.000763891,0,0.118106,0.992927,0.0121507,0,-0.00067657,-0.0121559,0.999926,0,0,0,0,1],"children":[{"name":"mixamorig:LeftHandMiddle1","transformation":[1,0,0,0,0,1,0,0,0,0,1,0,0,0,0,1],"children":[{"name":"mixamorig:LeftHandMiddle2_$AssimpFbx$_Translation","transformation":[1,0,0,-0.0117,0,1,0,3.2568,0,0,1,0,0,0,0,1],"children":[{"name":"mixamorig:LeftHandMiddle2_$AssimpFbx$_PreRotation","transformation":[1,0,0,0,0,0.996605,-0.0823281,0,0,0.0823281,0.996605,0,0,0,0,1],"children":[{"name":"mixamorig:LeftHandMiddle2_$AssimpFbx$_Rotation","transformation":[0.999994,-0.00337219,-0.000157214,0,0.00337369,0.9966,0.0823276,0,-0.000120945,-0.0823276,0.996605,0,0,0,0,1],"children":[{"name":"mixamorig:LeftHandMiddle2","transformation":[1,0,0,0,0,1,0,0,0,0,1,0,0,0,0,1],"children":[{"name":"mixamorig:LeftHandMiddle3_$AssimpFbx$_Translation","transformation":[1,0,0,-0.0007,0,1,0,3.1779,0,0,1,-0,0,0,0,1],"children":[{"name":"mixamorig:LeftHandMiddle3_$AssimpFbx$_PreRotation","transformation":[1,0,0,0,0,0.993255,-0.11595,0,0,0.11595,0.993255,0,0,0,0,1],"children":[{"name":"mixamorig:LeftHandMiddle3_$AssimpFbx$_Rotation","transformation":[0.999988,-0.00482116,0.000254827,0,0.0047591,0.993244,0.11595,0,-0.000812117,-0.115947,0.993255,0,0,0,0,1],"children":[{"name":"mixamorig:LeftHandMiddle3","transformation":[1,0,0,0,0,1,0,0,0,0,1,0,0,0,0,1],"children":[{"name":"mixamorig:LeftHandMiddle4","transformation":[1,0,0,0.0124,0,1,0,2.6951,0,0,1,0,0,0,0,1]}]}]}]}]}]}]}]}]}]}]}]}]},{"name":"mixamorig:LeftHandRing1_$AssimpFbx$_Translation","transformation":[1,0,0,0.8988,0,1,0,6.7787,0,0,1,-0.023,0,0,0,1],"children":[{"name":"mixamorig:LeftHandRing1_$AssimpFbx$_PreRotation","transformation":[0.995986,0.0894346,0.00370777,0,-0.0895114,0.995131,0.041256,0,0,-0.0414223,0.999142,0,0,0,0,1],"children":[{"name":"mixamorig:LeftHandRing1_$AssimpFbx$_Rotation","transformation":[0.978635,-0.205589,0.00258163,0,0.205589,0.978331,-0.0245198,0,0.0025153,0.0245267,0.999696,0,0,0,0,1],"children":[{"name":"mixamorig:LeftHandRing1","transformation":[1,0,0,0,0,1,0,0,0,0,1,0,0,0,0,1],"children":[{"name":"mixamorig:LeftHandRing2_$AssimpFbx$_Translation","transformation":[1,0,0,-0.004,0,1,0,2.958,0,0,1,-0,0,0,0,1],"children":[{"name":"mixamorig:LeftHandRing2_$AssimpFbx$_PreRotation","transformation":[1,0,0,0,0,0.998453,-0.0556002,0,0,0.0556002,0.998453,0,0,0,0,1],"children":[{"name":"mixamorig:LeftHandRing2_$AssimpFbx$_Rotation","transformation":[0.999997,-0.00225908,-1.23931e-05,0,0.00225627,0.998451,0.0556002,0,-0.000113231,-0.0556001,0.998453,0,0,0,0,1],"children":[{"name":"mixamorig:LeftHandRing2","transformation":[1,0,0,0,0,1,0,0,0,0,1,0,0,0,0,1],"children":[{"name":"mixamorig:LeftHandRing3_$AssimpFbx$_Translation","transformation":[1,0,0,0.0025,0,1,0,2.7569,0,0,1,0,0,0,0,1],"children":[{"name":"mixamorig:LeftHandRing3_$AssimpFbx$_PreRotation","transformation":[1,0,0,0,0,0.999978,0.00663918,0,0,-0.00663918,0.999978,0,0,0,0,1],"children":[{"name":"mixamorig:LeftHandRing3_$AssimpFbx$_Rotation","transformation":[1,0.000264307,-5.14318e-06,0,-0.000264335,0.999978,-0.00663918,0,3.38828e-06,0.00663918,0.999978,0,0,0,0,1],"children":[{"name":"mixamorig:LeftHandRing3","transformation":[1,0,0,0,0,1,0,0,0,0,1,0,0,0,0,1],"children":[{"name":"mixamorig:LeftHandRing4","transformation":[1,0,0,0.0015,0,1,0,2.3346,0,0,1,0,0,0,0,1]}]}]}]}]}]}]}]}]}]}]}]}]},{"name":"mixamorig:LeftHandPinky1_$AssimpFbx$_Translation","transformation":[1,0,0,2.5022,0,1,0,6.3908,0,0,1,0.0875,0,0,0,1],"children":[{"name":"mixamorig:LeftHandPinky1_$AssimpFbx$_PreRotation","transformation":[0.996788,0.080079,-0.00117005,0,-0.0800876,0.996681,-0.0145627,0,0,0.0146096,0.999893,0,0,0,0,1],"children":[{"name":"mixamorig:LeftHandPinky1_$AssimpFbx$_Rotation","transformation":[0.980026,-0.198846,-0.00300951,0,0.198845,0.979561,0.0303324,0,-0.00308349,-0.030325,0.999535,0,0,0,0,1],"children":[{"name":"mixamorig:LeftHandPinky1","transformation":[1,0,0,0,0,1,0,0,0,0,1,0,0,0,0,1],"children":[{"name":"mixamorig:LeftHandPinky2_$AssimpFbx$_Translation","transformation":[1,0,0,0.0032,0,1,0,2.6237,0,0,1,-0,0,0,0,1],"children":[{"name":"mixamorig:LeftHandPinky2_$AssimpFbx$_PreRotation","transformation":[1,0,0,0,0,0.999906,-0.0137248,0,0,0.0137248,0.999906,0,0,0,0,1],"children":[{"name":"mixamorig:LeftHandPinky2_$AssimpFbx$_Rotation","transformation":[1,-0.000609529,2.09233e-05,0,0.000609185,0.999906,0.0137248,0,-2.9287e-05,-0.0137248,0.999906,0,0,0,0,1],"children":[{"name":"mixamorig:LeftHandPinky2","transformation":[1,0,0,0,0,1,0,0,0,0,1,0,0,0,0,1],"children":[{"name":"mixamorig:LeftHandPinky3_$AssimpFbx$_Translation","transformation":[1,0,0,0.0039,0,1,0,2.1321,0,0,1,0,0,0,0,1],"children":[{"name":"mixamorig:LeftHandPinky3_$AssimpFbx$_PreRotation","transformation":[1,0,0,0,0,0.990406,0.138186,0,0,-0.138186,0.990406,0,0,0,0,1],"children":[{"name":"mixamorig:LeftHandPinky3_$AssimpFbx$_Rotation","transformation":[0.999983,0.00578853,0.000147892,0,-0.00571256,0.99039,-0.138186,0,-0.000946367,0.138183,0.990406,0,0,0,0,1],"children":[{"name":"mixamorig:LeftHandPinky3","transformation":[1,0,0,0,0,1,0,0,0,0,1,0,0,0,0,1],"children":[{"name":"mixamorig:LeftHandPinky4","transformation":[1,0,0,-0.0071,0,1,0,1.7932,0,0,1,0,0,0,0,1]}]}]}]}]}]}]}]}]}]}]}]}]}]}]}]}]}]}]}]}]}]}]}]}]}]}]}]}]},{"name":"mixamorig:RightShoulder_$AssimpFbx$_Translation","transformation":[1,0,0,-4.2241,0,1,0,8.8973,0,0,1,-0.0302,0,0,0,1],"children":[{"name":"mixamorig:RightShoulder_$AssimpFbx$_PreRotation","transformation":[-0.00700534,-0.971719,0.236037,0,7.2163e-05,-0.236043,-0.971743,0,0.999975,-0.00679035,0.00172369,0,0,0,0,1],"children":[{"name":"mixamorig:RightShoulder_$AssimpFbx$_Rotation","transformation":[1,-7.15625e-05,5.14766e-06,0,7.15712e-05,0.999999,-0.0017058,0,-5.02558e-06,0.0017058,0.999999,0,0,0,0,1],"children":[{"name":"mixamorig:RightShoulder","transformation":[1,0,0,0,0,1,0,0,0,0,1,0,0,0,0,1],"children":[{"name":"mixamorig:RightArm_$AssimpFbx$_Translation","transformation":[1,0,0,0,0,1,0,8.861,0,0,1,-0,0,0,0,1],"children":[{"name":"mixamorig:RightArm_$AssimpFbx$_PreRotation","transformation":[0.999719,0.0230604,0.00546604,0,-0.0236994,0.972766,0.230576,0,0,-0.230641,0.973039,0,0,0,0,1],"children":[{"name":"mixamorig:RightArm_$AssimpFbx$_Rotation","transformation":[0.999873,-0.0159455,-2.53206e-06,0,0.015945,0.999846,0.00728589,0,-0.000113645,-0.00728501,0.999973,0,0,0,0,1],"children":[{"name":"mixamorig:RightArm","transformation":[1,0,0,0,0,1,0,0,0,0,1,0,0,0,0,1],"children":[{"name":"mixamorig:RightForeArm_$AssimpFbx$_Translation","transformation":[1,0,0,0,0,1,0,18.9736,0,0,1,0,0,0,0,1],"children":[{"name":"mixamorig:RightForeArm_$AssimpFbx$_PreRotation","transformation":[0.999547,0.0301019,0.000743455,0,-0.0301111,0.999242,0.0246792,0,0,-0.0246904,0.999695,0,0,0,0,1],"children":[{"name":"mixamorig:RightForeArm_$AssimpFbx$_Rotation","transformation":[0.999547,-0.0301111,0.0003717,0,0.0301111,0.999242,-0.0246792,0,0.0003717,0.0246792,0.999695,0,0,0,0,1],"children":[{"name":"mixamorig:RightForeArm","transformation":[1,0,0,0,0,1,0,0,0,0,1,0,0,0,0,1],"children":[{"name":"mixamorig:RightHand_$AssimpFbx$_Translation","transformation":[1,0,0,-0,0,1,0,19.8983,0,0,1,-0,0,0,0,1],"children":[{"name":"mixamorig:RightHand_$AssimpFbx$_PreRotation","transformation":[0.997619,-0.0510985,-0.0463251,0,0.0522254,0.99836,0.0234487,0,0.0450509,-0.0258122,0.998651,0,0,0,0,1],"children":[{"name":"mixamorig:RightHand_$AssimpFbx$_Rotation","transformation":[0.998329,-0.0565076,-0.012086,0,0.0560454,0.997791,-0.0356632,0,0.0140745,0.0349262,0.999291,0,0,0,0,1],"children":[{"name":"mixamorig:RightHand","transformation":[1,0,0,0,0,1,0,0,0,0,1,0,0,0,0,1],"children":[{"name":"mixamorig:RightHandThumb1_$AssimpFbx$_Translation","transformation":[1,0,0,2.062,0,1,0,2.1477,0,0,1,1.241,0,0,0,1],"children":[{"name":"mixamorig:RightHandThumb1_$AssimpFbx$_PreRotation","transformation":[0.796348,0.557725,-0.234034,0,-0.604838,0.734318,-0.308136,0,0,0.386936,0.922106,0,0,0,0,1],"children":[{"name":"mixamorig:RightHandThumb1_$AssimpFbx$_Rotation","transformation":[0.992633,-0.121136,-0.00232874,0,0.120863,0.991371,-0.0507569,0,0.00845716,0.0501015,0.998708,0,0,0,0,1],"children":[{"name":"mixamorig:RightHandThumb1","transformation":[1,0,0,0,0,1,0,0,0,0,1,0,0,0,0,1],"children":[{"name":"mixamorig:RightHandThumb2_$AssimpFbx$_Translation","transformation":[1,0,0,0.2744,0,1,0,2.5659,0,0,1,-0,0,0,0,1],"children":[{"name":"mixamorig:RightHandThumb2_$AssimpFbx$_PreRotation","transformation":[1,0,0,0,0,0.998406,0.0564488,0,0,-0.0564488,0.998406,0,0,0,0,1],"children":[{"name":"mixamorig:RightHandThumb2_$AssimpFbx$_Rotation","transformation":[0.99095,0.134216,-0.00220785,0,-0.134127,0.989369,-0.056213,0,-0.00536028,0.0560003,0.998416,0,0,0,0,1],"children":[{"name":"mixamorig:RightHandThumb2","transformation":[1,0,0,0,0,1,0,0,0,0,1,0,0,0,0,1],"children":[{"name":"mixamorig:RightHandThumb3_$AssimpFbx$_Translation","transformation":[1,0,0,-0.0767,0,1,0,2.7302,0,0,1,0,0,0,0,1],"children":[{"name":"mixamorig:RightHandThumb3_$AssimpFbx$_PreRotation","transformation":[1,0,0,0,0,0.997214,-0.0745993,0,0,0.0745993,0.997214,0,0,0,0,1],"children":[{"name":"mixamorig:RightHandThumb3_$AssimpFbx$_Rotation","transformation":[0.998205,0.0597408,-0.00432867,0,-0.0592536,0.995461,0.0744773,0,0.00875835,-0.0740871,0.997213,0,0,0,0,1],"children":[{"name":"mixamorig:RightHandThumb3","transformation":[1,0,0,0,0,1,0,0,0,0,1,0,0,0,0,1],"children":[{"name":"mixamorig:RightHandThumb4","transformation":[1,0,0,-0.1977,0,1,0,2.2443,0,0,1,0,0,0,0,1]}]}]}]}]}]}]}]}]}]}]}]}]},{"name":"mixamorig:RightHandIndex1_$AssimpFbx$_Translation","transformation":[1,0,0,2.5699,0,1,0,7.0538,0,0,1,0.0509,0,0,0,1],"children":[{"name":"mixamorig:RightHandIndex1_$AssimpFbx$_PreRotation","transformation":[0.996843,0.0792188,-0.00541796,0,-0.0794038,0.994519,-0.0680175,0,0,0.0682329,0.997669,0,0,0,0,1],"children":[{"name":"mixamorig:RightHandIndex1_$AssimpFbx$_Rotation","transformation":[0.999559,0.0296824,0.00116077,0,-0.0296789,0.996274,0.0809729,0,0.00124702,-0.0809717,0.996716,0,0,0,0,1],"children":[{"name":"mixamorig:RightHandIndex1","transformation":[1,0,0,0,0,1,0,0,0,0,1,0,0,0,0,1],"children":[{"name":"mixamorig:RightHandIndex2_$AssimpFbx$_Translation","transformation":[1,0,0,-0.0015,0,1,0,2.8163,0,0,1,-0,0,0,0,1],"children":[{"name":"mixamorig:RightHandIndex2_$AssimpFbx$_PreRotation","transformation":[1,0,0,0,0,0.99972,0.0236645,0,0,-0.0236645,0.99972,0,0,0,0,1],"children":[{"name":"mixamorig:RightHandIndex2_$AssimpFbx$_Rotation","transformation":[1,-0.000987228,9.23033e-07,0,0.000986973,0.99972,-0.0236645,0,2.24394e-05,0.0236644,0.99972,0,0,0,0,1],"children":[{"name":"mixamorig:RightHandIndex2","transformation":[1,0,0,0,0,1,0,0,0,0,1,0,0,0,0,1],"children":[{"name":"mixamorig:RightHandIndex3_$AssimpFbx$_Translation","transformation":[1,0,0,0.0012,0,1,0,2.6396,0,0,1,0,0,0,0,1],"children":[{"name":"mixamorig:RightHandIndex3_$AssimpFbx$_PreRotation","transformation":[1,0,0,0,0,0.999986,-0.00537035,0,0,0.00537035,0.999986,0,0,0,0,1],"children":[{"name":"mixamorig:RightHandIndex3_$AssimpFbx$_Rotation","transformation":[1,0.000320775,1.58011e-06,0,-0.000320779,0.999986,0.00537035,0,1.42587e-07,-0.00537035,0.999986,0,0,0,0,1],"children":[{"name":"mixamorig:RightHandIndex3","transformation":[1,0,0,0,0,1,0,0,0,0,1,0,0,0,0,1],"children":[{"name":"mixamorig:RightHandIndex4","transformation":[1,0,0,0.0003,0,1,0,2.2415,0,0,1,0,0,0,0,1]}]}]}]}]}]}]}]}]}]}]}]}]},{"name":"mixamorig:RightHandMiddle1_$AssimpFbx$_Translation","transformation":[1,0,0,0.7655,0,1,0,7.0182,0,0,1,-0.0904,0,0,0,1],"children":[{"name":"mixamorig:RightHandMiddle1_$AssimpFbx$_PreRotation","transformation":[0.999809,0.0195619,0.000383736,0,-0.0195656,0.999616,0.019609,0,0,-0.0196128,0.999808,0,0,0,0,1],"children":[{"name":"mixamorig:RightHandMiddle1_$AssimpFbx$_Rotation","transformation":[0.996259,0.0864172,-0.000308562,0,-0.0864173,0.996236,-0.00673129,0,-0.000274299,0.00673277,0.999977,0,0,0,0,1],"children":[{"name":"mixamorig:RightHandMiddle1","transformation":[1,0,0,0,0,1,0,0,0,0,1,0,0,0,0,1],"children":[{"name":"mixamorig:RightHandMiddle2_$AssimpFbx$_Translation","transformation":[1,0,0,0.0085,0,1,0,3.3402,0,0,1,0,0,0,0,1],"children":[{"name":"mixamorig:RightHandMiddle2_$AssimpFbx$_PreRotation","transformation":[1,0,0,0,0,0.992767,-0.120054,0,0,0.120054,0.992767,0,0,0,0,1],"children":[{"name":"mixamorig:RightHandMiddle2_$AssimpFbx$_Rotation","transformation":[0.999987,0.00512921,-2.39344e-06,0,-0.00509183,0.992754,0.120054,0,0.000618157,-0.120052,0.992767,0,0,0,0,1],"children":[{"name":"mixamorig:RightHandMiddle2","transformation":[1,0,0,0,0,1,0,0,0,0,1,0,0,0,0,1],"children":[{"name":"mixamorig:RightHandMiddle3_$AssimpFbx$_Translation","transformation":[1,0,0,-0.0079,0,1,0,3.0567,0,0,1,-0,0,0,0,1],"children":[{"name":"mixamorig:RightHandMiddle3_$AssimpFbx$_PreRotation","transformation":[1,0,0,0,0,0.998492,0.0549031,0,0,-0.0549031,0.998492,0,0,0,0,1],"children":[{"name":"mixamorig:RightHandMiddle3_$AssimpFbx$_Rotation","transformation":[0.999997,-0.00235716,7.72462e-05,0,0.00235785,0.998489,-0.0549029,0,5.22856e-05,0.054903,0.998492,0,0,0,0,1],"children":[{"name":"mixamorig:RightHandMiddle3","transformation":[1,0,0,0,0,1,0,0,0,0,1,0,0,0,0,1],"children":[{"name":"mixamorig:RightHandMiddle4","transformation":[1,0,0,-0.0006,0,1,0,2.6395,0,0,1,0,0,0,0,1]}]}]}]}]}]}]}]}]}]}]}]}]},{"name":"mixamorig:RightHandRing1_$AssimpFbx$_Translation","transformation":[1,0,0,-0.8923,0,1,0,6.9111,0,0,1,-0.1216,0,0,0,1],"children":[{"name":"mixamorig:RightHandRing1_$AssimpFbx$_PreRotation","transformation":[0.997149,-0.0754469,0.00144655,0,0.0754608,0.996966,-0.0191149,0,0,0.0191695,0.999816,0,0,0,0,1],"children":[{"name":"mixamorig:RightHandRing1_$AssimpFbx$_Rotation","transformation":[0.982897,0.184131,0.00290683,0,-0.18413,0.982392,0.0316482,0,0.00297177,-0.0316422,0.999495,0,0,0,0,1],"children":[{"name":"mixamorig:RightHandRing1","transformation":[1,0,0,0,0,1,0,0,0,0,1,0,0,0,0,1],"children":[{"name":"mixamorig:RightHandRing2_$AssimpFbx$_Translation","transformation":[1,0,0,-0.003,0,1,0,2.9239,0,0,1,0,0,0,0,1],"children":[{"name":"mixamorig:RightHandRing2_$AssimpFbx$_PreRotation","transformation":[1,0,0,0,0,0.998987,0.0449986,0,0,-0.0449986,0.998987,0,0,0,0,1],"children":[{"name":"mixamorig:RightHandRing2_$AssimpFbx$_Rotation","transformation":[0.999998,-0.00198261,1.56317e-06,0,0.00198067,0.998985,-0.0449986,0,8.76531e-05,0.0449985,0.998987,0,0,0,0,1],"children":[{"name":"mixamorig:RightHandRing2","transformation":[1,0,0,0,0,1,0,0,0,0,1,0,0,0,0,1],"children":[{"name":"mixamorig:RightHandRing3_$AssimpFbx$_Translation","transformation":[1,0,0,0.0026,0,1,0,2.718,0,0,1,-0,0,0,0,1],"children":[{"name":"mixamorig:RightHandRing3_$AssimpFbx$_PreRotation","transformation":[1,0,0,0,0,0.999834,-0.0181923,0,0,0.0181923,0.999834,0,0,0,0,1],"children":[{"name":"mixamorig:RightHandRing3_$AssimpFbx$_Rotation","transformation":[1,0.000830514,9.84883e-06,0,-0.000830555,0.999834,0.0181923,0,5.26176e-06,-0.0181923,0.999834,0,0,0,0,1],"children":[{"name":"mixamorig:RightHandRing3","transformation":[1,0,0,0,0,1,0,0,0,0,1,0,0,0,0,1],"children":[{"name":"mixamorig:RightHandRing4","transformation":[1,0,0,0.0003,0,1,0,2.3796,0,0,1,0,0,0,0,1]}]}]}]}]}]}]}]}]}]}]}]}]},{"name":"mixamorig:RightHandPinky1_$AssimpFbx$_Translation","transformation":[1,0,0,-2.4431,0,1,0,6.4536,0,0,1,0.1255,0,0,0,1],"children":[{"name":"mixamorig:RightHandPinky1_$AssimpFbx$_PreRotation","transformation":[0.994901,-0.100852,0.000461704,0,0.100853,0.994891,-0.00455464,0,0,0.00457798,0.99999,0,0,0,0,1],"children":[{"name":"mixamorig:RightHandPinky1_$AssimpFbx$_Rotation","transformation":[0.977895,0.209087,0.00180985,0,-0.209086,0.977744,0.0172828,0,0.00184404,-0.0172792,0.999849,0,0,0,0,1],"children":[{"name":"mixamorig:RightHandPinky1","transformation":[1,0,0,0,0,1,0,0,0,0,1,0,0,0,0,1],"children":[{"name":"mixamorig:RightHandPinky2_$AssimpFbx$_Translation","transformation":[1,0,0,-0.0026,0,1,0,2.6279,0,0,1,-0,0,0,0,1],"children":[{"name":"mixamorig:RightHandPinky2_$AssimpFbx$_PreRotation","transformation":[1,0,0,0,0,0.999993,0.00363377,0,0,-0.00363377,0.999993,0,0,0,0,1],"children":[{"name":"mixamorig:RightHandPinky2_$AssimpFbx$_Rotation","transformation":[1,-9.42123e-05,3.42402e-06,0,9.42241e-05,0.999993,-0.00363376,0,-3.08166e-06,0.00363376,0.999993,0,0,0,0,1],"children":[{"name":"mixamorig:RightHandPinky2","transformation":[1,0,0,0,0,1,0,0,0,0,1,0,0,0,0,1],"children":[{"name":"mixamorig:RightHandPinky3_$AssimpFbx$_Translation","transformation":[1,0,0,-0.0019,0,1,0,2.1225,0,0,1,0,0,0,0,1],"children":[{"name":"mixamorig:RightHandPinky3_$AssimpFbx$_PreRotation","transformation":[1,0,0,0,0,0.997381,0.072333,0,0,-0.072333,0.997381,0,0,0,0,1],"children":[{"name":"mixamorig:RightHandPinky3_$AssimpFbx$_Rotation","transformation":[0.999994,-0.00340632,-5.85212e-05,0,0.00339316,0.997375,-0.0723331,0,0.000304757,0.0723325,0.99738,0,0,0,0,1],"children":[{"name":"mixamorig:RightHandPinky3","transformation":[1,0,0,0,0,1,0,0,0,0,1,0,0,0,0,1],"children":[{"name":"mixamorig:RightHandPinky4","transformation":[1,0,0,0.0045,0,1,0,1.792,0,0,1,0,0,0,0,1]}]}]}]}]}]}]}]}]}]}]}]}]}]}]}]}]}]}]}]}]}]}]}]}]}]}]}]}]}]}]}]}]}]},{"name":"mixamorig:LeftUpLeg_$AssimpFbx$_Translation","transformation":[1,0,0,7.557,0,1,0,-4.8263,0,0,1,0.3005,0,0,0,1],"children":[{"name":"mixamorig:LeftUpLeg_$AssimpFbx$_PreRotation","transformation":[-0.999771,0.0213943,-5.11296e-07,0,-0.0213909,-0.99961,0.0179713,0,0.000383972,0.0179672,0.999839,0,0,0,0,1],"children":[{"name":"mixamorig:LeftUpLeg_$AssimpFbx$_Rotation","transformation":[0.999909,0.0134623,-0.000241885,0,-0.0134623,0.999909,6.79848e-06,0,0.000241954,-3.54153e-06,1,0,0,0,0,1],"children":[{"name":"mixamorig:LeftUpLeg","transformation":[1,0,0,0,0,1,0,0,0,0,1,0,0,0,0,1],"children":[{"name":"mixamorig:LeftLeg_$AssimpFbx$_Translation","transformation":[1,0,0,-0.1246,0,1,0,24.0658,0,0,1,0.1047,0,0,0,1],"children":[{"name":"mixamorig:LeftLeg_$AssimpFbx$_PreRotation","transformation":[0.999844,0.0176527,0.000274013,0,-0.0176548,0.999724,0.0155182,0,0,-0.0155206,0.99988,0,0,0,0,1],"children":[{"name":"mixamorig:LeftLeg","transformation":[1,0,0,0,0,1,0,0,0,0,1,0,0,0,0,1],"children":[{"name":"mixamorig:LeftFoot_$AssimpFbx$_Translation","transformation":[1,0,0,-0.006,0,1,0,33.0631,0,0,1,0.0039,0,0,0,1],"children":[{"name":"mixamorig:LeftFoot_$AssimpFbx$_PreRotation","transformation":[0.999985,-0.00462431,-0.00303746,0,0,0.549005,-0.835819,0,0.00553267,0.835806,0.548997,0,0,0,0,1],"children":[{"name":"mixamorig:LeftFoot_$AssimpFbx$_Rotation","transformation":[0.999909,-0.00736395,0.0112721,0,0.0073648,0.999973,-3.38858e-05,0,-0.0112715,0.000116899,0.999936,0,0,0,0,1],"children":[{"name":"mixamorig:LeftFoot","transformation":[1,0,0,0,0,1,0,0,0,0,1,0,0,0,0,1],"children":[{"name":"mixamorig:LeftToeBase_$AssimpFbx$_Translation","transformation":[1,0,0,-0.0053,0,1,0,12.8933,0,0,1,-0.5155,0,0,0,1],"children":[{"name":"mixamorig:LeftToeBase_$AssimpFbx$_PreRotation","transformation":[0.999849,-0.00936713,-0.0146076,0,0,0.841793,-0.539801,0,0.0173529,0.53972,0.841666,0,0,0,0,1],"children":[{"name":"mixamorig:LeftToeBase","transformation":[1,0,0,0,0,1,0,0,0,0,1,0,0,0,0,1],"children":[{"name":"mixamorig:LeftToe_End","transformation":[1,0,0,0.0142,0,1,0,6.4208,0,0,1,0.0079,0,0,0,1]}]}]}]}]}]}]}]}]}]}]}]}]}]}]},{"name":"mixamorig:RightUpLeg_$AssimpFbx$_Translation","transformation":[1,0,0,-7.557,0,1,0,-4.8263,0,0,1,0.3005,0,0,0,1],"children":[{"name":"mixamorig:RightUpLeg_$AssimpFbx$_PreRotation","transformation":[-0.999771,-0.0213851,6.8394e-07,0,0.0213716,-0.999137,0.0356158,0,-0.000760963,0.0356077,0.999366,0,0,0,0,1],"children":[{"name":"mixamorig:RightUpLeg_$AssimpFbx$_Rotation","transformation":[0.999909,-0.0134582,0.000479449,0,0.0134582,0.999909,1.34746e-05,0,-0.000479587,-7.02082e-06,1,0,0,0,0,1],"children":[{"name":"mixamorig:RightUpLeg","transformation":[1,0,0,0,0,1,0,0,0,0,1,0,0,0,0,1],"children":[{"name":"mixamorig:RightLeg_$AssimpFbx$_Translation","transformation":[1,0,0,0.1248,0,1,0,24.0701,0,0,1,-0.1449,0,0,0,1],"children":[{"name":"mixamorig:RightLeg_$AssimpFbx$_PreRotation","transformation":[0.999844,-0.0176331,-0.000579066,0,0.0176426,0.999306,0.0328169,0,0,-0.032822,0.999461,0,0,0,0,1],"children":[{"name":"mixamorig:RightLeg","transformation":[1,0,0,0,0,1,0,0,0,0,1,0,0,0,0,1],"children":[{"name":"mixamorig:RightFoot_$AssimpFbx$_Translation","transformation":[1,0,0,0.006,0,1,0,33.0631,0,0,1,0.0045,0,0,0,1],"children":[{"name":"mixamorig:RightFoot_$AssimpFbx$_PreRotation","transformation":[0.999984,0.00463285,0.00310352,0,0,0.556555,-0.830811,0,-0.0055763,0.830798,0.556547,0,0,0,0,1],"children":[{"name":"mixamorig:RightFoot_$AssimpFbx$_Rotation","transformation":[0.999909,0.00746312,-0.0112093,0,-0.00746398,0.999972,-3.50488e-05,0,0.0112087,0.000118712,0.999937,0,0,0,0,1],"children":[{"name":"mixamorig:RightFoot","transformation":[1,0,0,0,0,1,0,0,0,0,1,0,0,0,0,1],"children":[{"name":"mixamorig:RightToeBase_$AssimpFbx$_Translation","transformation":[1,0,0,0.0054,0,1,0,12.7183,0,0,1,-0.5224,0,0,0,1],"children":[{"name":"mixamorig:RightToeBase_$AssimpFbx$_PreRotation","transformation":[0.999856,0.00928187,0.0142013,0,0,0.837066,-0.547102,0,-0.0169655,0.547023,0.836946,0,0,0,0,1],"children":[{"name":"mixamorig:RightToeBase","transformation":[1,0,0,0,0,1,0,0,0,0,1,0,0,0,0,1],"children":[{"name":"mixamorig:RightToe_End","transformation":[1,0,0,-0.0142,0,1,0,6.4121,0,0,1,0.0079,0,0,0,1]}]}]}]}]}]}]}]}]}]}]}]}]}]}]}]}]},"flags":9,"animations":[{"name":"mixamo.com","tickspersecond":30,"duration":90,"channels":[{"name":"mixamorig:Head","prestate":0,"poststate":0,"positionkeys":[[0,[0,8.5791,0.1142]],[1,[0,8.5791,0.1142]],[2,[0,8.5791,0.1142]],[3,[0,8.5791,0.1142]],[4,[0,8.5791,0.1142]],[5,[0,8.5791,0.1142]],[6,[0,8.5791,0.1142]],[7,[0,8.5791,0.1142]],[8,[0,8.5791,0.1142]],[9,[0,8.5791,0.1142]],[10,[0,8.5791,0.1142]],[11,[0,8.5791,0.1142]],[12,[0,8.5791,0.1142]],[13,[0,8.5791,0.1142]],[14,[0,8.5791,0.1142]],[15,[0,8.5791,0.1142]],[16,[0,8.5791,0.1142]],[17,[0,8.5791,0.1142]],[18,[0,8.5791,0.1142]],[19,[0,8.5791,0.1142]],[20,[0,8.5791,0.1142]],[21,[0,8.5791,0.1142]],[22,[0,8.5791,0.1142]],[23,[0,8.5791,0.1142]],[24,[0,8.5791,0.1142]],[25,[0,8.5791,0.1142]],[26,[0,8.5791,0.1142]],[27,[0,8.5791,0.1142]],[28,[0,8.5791,0.1142]],[29,[0,8.5791,0.1142]],[30,[0,8.5791,0.1142]],[31,[0,8.5791,0.1142]],[32,[0,8.5791,0.1142]],[33,[0,8.5791,0.1142]],[34,[0,8.5791,0.1142]],[35,[0,8.5791,0.1142]],[36,[0,8.5791,0.1142]],[37,[0,8.5791,0.1142]],[38,[0,8.5791,0.1142]],[39,[0,8.5791,0.1142]],[40,[0,8.5791,0.1142]],[41,[0,8.5791,0.1142]],[42,[0,8.5791,0.1142]],[43,[0,8.5791,0.1142]],[44,[0,8.5791,0.1142]],[45,[0,8.5791,0.1142]],[46,[0,8.5791,0.1142]],[47,[0,8.5791,0.1142]],[48,[0,8.5791,0.1142]],[49,[0,8.5791,0.1142]],[50,[0,8.5791,0.1142]],[51,[0,8.5791,0.1142]],[52,[0,8.5791,0.1142]],[53,[0,8.5791,0.1142]],[54,[0,8.5791,0.1142]],[55,[0,8.5791,0.1142]],[56,[0,8.5791,0.1142]],[57,[0,8.5791,0.1142]],[58,[0,8.5791,0.1142]],[59,[0,8.5791,0.1142]],[60,[0,8.5791,0.1142]],[61,[0,8.5791,0.1142]],[62,[0,8.5791,0.1142]],[63,[0,8.5791,0.1142]],[64,[0,8.5791,0.1142]],[65,[0,8.5791,0.1142]],[66,[0,8.5791,0.1142]],[67,[0,8.5791,0.1142]],[68,[0,8.5791,0.1142]],[69,[0,8.5791,0.1142]],[70,[0,8.5791,0.1142]],[71,[0,8.5791,0.1142]],[72,[0,8.5791,0.1142]],[73,[0,8.5791,0.1142]],[74,[0,8.5791,0.1142]],[75,[0,8.5791,0.1142]],[76,[0,8.5791,0.1142]],[77,[0,8.5791,0.1142]],[78,[0,8.5791,0.1142]],[79,[0,8.5791,0.1142]],[80,[0,8.5791,0.1142]],[81,[0,8.5791,0.1142]],[82,[0,8.5791,0.1142]],[83,[0,8.5791,0.1142]],[84,[0,8.5791,0.1142]],[85,[0,8.5791,0.1142]],[86,[0,8.5791,0.1142]],[87,[0,8.5791,0.1142]],[88,[0,8.5791,0.1142]],[89,[0,8.5791,0.1142]],[90,[0,8.5791,0.1142]]],"rotationkeys":[[0,[0.979825,-0.196053,-0.0382012,-0.00688404]],[1,[0.980055,-0.194826,-0.0385555,-0.00699193]],[2,[0.980237,-0.193821,-0.0389518,-0.00717102]],[3,[0.98035,-0.19316,-0.0393358,-0.00745864]],[4,[0.980363,-0.193002,-0.0396853,-0.007931]],[5,[0.980265,-0.193408,-0.040009,-0.0085775]],[6,[0.980083,-0.194231,-0.0403043,-0.00935358]],[7,[0.979862,-0.195244,-0.0405647,-0.0101914]],[8,[0.979621,-0.19636,-0.0407931,-0.011058]],[9,[0.979323,-0.197737,-0.0410164,-0.0119772]],[10,[0.978997,-0.199235,-0.0412509,-0.0129673]],[11,[0.978606,-0.201028,-0.0414994,-0.0140104]],[12,[0.97822,-0.202776,-0.0417669,-0.014926]],[13,[0.977848,-0.204442,-0.0420491,-0.0157338]],[14,[0.977467,-0.206122,-0.042402,-0.0165463]],[15,[0.977075,-0.207818,-0.042839,-0.0173703]],[16,[0.97666,-0.209592,-0.0433177,-0.018176]],[17,[0.976193,-0.211584,-0.0438215,-0.0189556]],[18,[0.975759,-0.213402,-0.0443425,-0.0196887]],[19,[0.975392,-0.214903,-0.044869,-0.0203615]],[20,[0.975121,-0.215963,-0.0453894,-0.0209603]],[21,[0.974946,-0.216593,-0.0458916,-0.0214775]],[22,[0.974834,-0.216955,-0.046362,-0.0219117]],[23,[0.974789,-0.217029,-0.0467881,-0.0222541]],[24,[0.974799,-0.216881,-0.0471563,-0.0225003]],[25,[0.974841,-0.21661,-0.0474514,-0.0226495]],[26,[0.974953,-0.216058,-0.0476607,-0.0226877]],[27,[0.975049,-0.215601,-0.0477718,-0.022659]],[28,[0.97527,-0.214617,-0.0477649,-0.0225006]],[29,[0.975537,-0.213447,-0.0476606,-0.0222833]],[30,[0.975861,-0.212038,-0.0474478,-0.0220159]],[31,[0.976225,-0.210476,-0.0470429,-0.0217162]],[32,[0.976632,-0.208766,-0.0463547,-0.0213885]],[33,[0.977081,-0.206895,-0.0454431,-0.0210279]],[34,[0.97757,-0.204836,-0.0444258,-0.0206162]],[35,[0.978162,-0.202256,-0.0434272,-0.0201205]],[36,[0.978815,-0.199341,-0.0424561,-0.0195632]],[37,[0.979455,-0.196425,-0.0415322,-0.0189661]],[38,[0.980131,-0.193266,-0.0407094,-0.0182754]],[39,[0.980791,-0.190093,-0.0400826,-0.0175531]],[40,[0.981395,-0.187108,-0.0396248,-0.0168459]],[41,[0.981946,-0.184399,-0.0390005,-0.0160692]],[42,[0.982432,-0.182044,-0.0381634,-0.0152232]],[43,[0.98284,-0.180113,-0.037146,-0.0143259]],[44,[0.983164,-0.178651,-0.0359583,-0.0133971]],[45,[0.983416,-0.1776,-0.0345659,-0.0124714]],[46,[0.983631,-0.176757,-0.0330931,-0.0115214]],[47,[0.983855,-0.175835,-0.0316192,-0.0105295]],[48,[0.983947,-0.175637,-0.0301578,-0.00953344]],[49,[0.983945,-0.175932,-0.0287453,-0.00853779]],[50,[0.983859,-0.176671,-0.0274258,-0.00756599]],[51,[0.983691,-0.177818,-0.02624,-0.00662482]],[52,[0.983448,-0.179336,-0.0252199,-0.00569627]],[53,[0.983134,-0.181186,-0.0244078,-0.00478571]],[54,[0.982754,-0.183334,-0.0238429,-0.00386451]],[55,[0.982312,-0.185742,-0.023543,-0.00299716]],[56,[0.981816,-0.188372,-0.0234001,-0.00224409]],[57,[0.981274,-0.191184,-0.0233818,-0.00159163]],[58,[0.980693,-0.194137,-0.0234814,-0.0010303]],[59,[0.980079,-0.197191,-0.0236952,-0.000513812]],[60,[0.979438,-0.200309,-0.0240166,-2.35593e-05]],[61,[0.978792,-0.203394,-0.0244338,0.000428232]],[62,[0.978135,-0.20647,-0.0249389,0.000839408]],[63,[0.977461,-0.209566,-0.0255242,0.00120765]],[64,[0.976776,-0.212651,-0.0261797,0.00152761]],[65,[0.976088,-0.215698,-0.0268957,0.00179406]],[66,[0.975408,-0.218655,-0.0276615,0.002001]],[67,[0.974768,-0.221387,-0.0284643,0.00213821]],[68,[0.974172,-0.223886,-0.0293073,0.00220172]],[69,[0.973611,-0.226213,-0.0300613,0.00220208]],[70,[0.973209,-0.227855,-0.0306936,0.00215257]],[71,[0.972928,-0.228992,-0.0311458,0.0019904]],[72,[0.972731,-0.229782,-0.0314702,0.00175796]],[73,[0.972615,-0.230235,-0.0317757,0.00146086]],[74,[0.972541,-0.230507,-0.0320784,0.00108706]],[75,[0.972506,-0.230615,-0.0323861,0.000623397]],[76,[0.972522,-0.230502,-0.0327122,9.00882e-05]],[77,[0.972609,-0.230081,-0.0330704,-0.000490972]],[78,[0.972809,-0.229173,-0.0334756,-0.00109376]],[79,[0.973119,-0.227786,-0.0339226,-0.00170834]],[80,[0.973526,-0.225964,-0.0343645,-0.00237612]],[81,[0.974243,-0.222778,-0.0348051,-0.00304771]],[82,[0.97519,-0.218511,-0.0352576,-0.00370052]],[83,[0.976037,-0.214608,-0.0357095,-0.00436306]],[84,[0.976826,-0.210901,-0.0361388,-0.00500588]],[85,[0.977523,-0.207562,-0.0365535,-0.00558787]],[86,[0.978104,-0.204719,-0.0369578,-0.00607537]],[87,[0.97863,-0.202108,-0.0373468,-0.00645023]],[88,[0.979112,-0.199689,-0.0376663,-0.00668737]],[89,[0.97954,-0.197527,-0.0379202,-0.0068039]],[90,[0.979825,-0.196053,-0.0382012,-0.00688404]]],"scalingkeys":[[0,[1,1,1]],[1,[1,1,1]],[2,[1,1,1]],[3,[1,1,1]],[4,[1,1,1]],[5,[1,1,1]],[6,[1,1,1]],[7,[1,1,1]],[8,[1,1,1]],[9,[1,1,1]],[10,[1,1,1]],[11,[1,1,1]],[12,[1,1,1]],[13,[1,1,1]],[14,[1,1,1]],[15,[1,1,1]],[16,[1,1,1]],[17,[1,1,1]],[18,[1,1,1]],[19,[1,1,1]],[20,[1,1,1]],[21,[1,1,1]],[22,[1,1,1]],[23,[1,1,1]],[24,[1,1,1]],[25,[1,1,1]],[26,[1,1,1]],[27,[1,1,1]],[28,[1,1,1]],[29,[1,1,1]],[30,[1,1,1]],[31,[1,1,1]],[32,[1,1,1]],[33,[1,1,1]],[34,[1,1,1]],[35,[1,1,1]],[36,[1,1,1]],[37,[1,1,1]],[38,[1,1,1]],[39,[1,1,1]],[40,[1,1,1]],[41,[1,1,1]],[42,[1,1,1]],[43,[1,1,1]],[44,[1,1,1]],[45,[1,1,1]],[46,[1,1,1]],[47,[1,1,1]],[48,[1,1,1]],[49,[1,1,1]],[50,[1,1,1]],[51,[1,1,1]],[52,[1,1,1]],[53,[1,1,1]],[54,[1,1,1]],[55,[1,1,1]],[56,[1,1,1]],[57,[1,1,1]],[58,[1,1,1]],[59,[1,1,1]],[60,[1,1,1]],[61,[1,1,1]],[62,[1,1,1]],[63,[1,1,1]],[64,[1,1,1]],[65,[1,1,1]],[66,[1,1,1]],[67,[1,1,1]],[68,[1,1,1]],[69,[1,1,1]],[70,[1,1,1]],[71,[1,1,1]],[72,[1,1,1]],[73,[1,1,1]],[74,[1,1,1]],[75,[1,1,1]],[76,[1,1,1]],[77,[1,1,1]],[78,[1,1,1]],[79,[1,1,1]],[80,[1,1,1]],[81,[1,1,1]],[82,[1,1,1]],[83,[1,1,1]],[84,[1,1,1]],[85,[1,1,1]],[86,[1,1,1]],[87,[1,1,1]],[88,[1,1,1]],[89,[1,1,1]],[90,[1,1,1]]]},{"name":"mixamorig:Hips","prestate":0,"poststate":0,"positionkeys":[[0,[1.80372,70.9747,-7.50366]],[1,[1.80094,70.9497,-7.45204]],[2,[1.79984,70.9578,-7.39695]],[3,[1.79289,70.9949,-7.35035]],[4,[1.7747,71.0582,-7.29761]],[5,[1.75272,71.1398,-7.24317]],[6,[1.72712,71.2392,-7.18685]],[7,[1.7023,71.3506,-7.12664]],[8,[1.68126,71.4645,-7.0613]],[9,[1.67077,71.5842,-6.9923]],[10,[1.66863,71.7013,-6.92151]],[11,[1.66699,71.8127,-6.85432]],[12,[1.67845,71.9239,-6.79128]],[13,[1.70035,72.0272,-6.73174]],[14,[1.72709,72.114,-6.67556]],[15,[1.76048,72.1849,-6.62115]],[16,[1.79834,72.2437,-6.57491]],[17,[1.83969,72.288,-6.53536]],[18,[1.88313,72.3167,-6.50139]],[19,[1.92682,72.328,-6.4728]],[20,[1.96925,72.3247,-6.45038]],[21,[2.00963,72.3104,-6.43468]],[22,[2.04834,72.2875,-6.42662]],[23,[2.08578,72.2587,-6.43095]],[24,[2.11959,72.2296,-6.4491]],[25,[2.14587,72.1914,-6.48081]],[26,[2.16336,72.1472,-6.52298]],[27,[2.17018,72.0985,-6.5837]],[28,[2.17169,72.0449,-6.60704]],[29,[2.17017,71.9842,-6.62972]],[30,[2.16187,71.9161,-6.6555]],[31,[2.14975,71.8315,-6.68342]],[32,[2.1375,71.7298,-6.71202]],[33,[2.12411,71.6331,-6.74151]],[34,[2.10889,71.5393,-6.77597]],[35,[2.0914,71.4477,-6.81408]],[36,[2.07159,71.3613,-6.85176]],[37,[2.05002,71.2792,-6.88822]],[38,[2.0273,71.2005,-6.92434]],[39,[2.00451,71.1273,-6.95957]],[40,[1.97606,71.0667,-6.99293]],[41,[1.94977,71.02,-7.02532]],[42,[1.92418,70.9812,-7.05789]],[43,[1.89866,70.9499,-7.08799]],[44,[1.87201,70.9267,-7.1153]],[45,[1.84321,70.9132,-7.14099]],[46,[1.81346,70.9091,-7.16648]],[47,[1.78345,70.9142,-7.19096]],[48,[1.75455,70.9275,-7.21309]],[49,[1.7275,70.9473,-7.23235]],[50,[1.70556,70.9747,-7.24578]],[51,[1.68785,71.0099,-7.25671]],[52,[1.672,71.0561,-7.25896]],[53,[1.65844,71.1087,-7.26311]],[54,[1.64672,71.166,-7.26625]],[55,[1.6553,71.2294,-7.26863]],[56,[1.6674,71.3013,-7.27054]],[57,[1.68432,71.3787,-7.27097]],[58,[1.70721,71.4628,-7.27127]],[59,[1.73207,71.5533,-7.27226]],[60,[1.74503,71.6475,-7.27637]],[61,[1.75317,71.7478,-7.28668]],[62,[1.75409,71.8525,-7.31119]],[63,[1.74913,71.9571,-7.33598]],[64,[1.7391,72.0584,-7.35851]],[65,[1.71852,72.1557,-7.38761]],[66,[1.69436,72.2453,-7.41095]],[67,[1.66891,72.3273,-7.43249]],[68,[1.64561,72.4,-7.45295]],[69,[1.62767,72.4616,-7.47299]],[70,[1.61531,72.5141,-7.49401]],[71,[1.60435,72.5605,-7.51377]],[72,[1.60036,72.5875,-7.5333]],[73,[1.60972,72.5903,-7.56137]],[74,[1.62774,72.5658,-7.58617]],[75,[1.64688,72.5159,-7.6082]],[76,[1.66517,72.4433,-7.6268]],[77,[1.68374,72.3513,-7.63798]],[78,[1.70209,72.243,-7.64273]],[79,[1.72034,72.1209,-7.64479]],[80,[1.73833,72.0007,-7.64375]],[81,[1.75631,71.8783,-7.63849]],[82,[1.77295,71.7509,-7.62794]],[83,[1.78404,71.6224,-7.62301]],[84,[1.79003,71.4952,-7.61842]],[85,[1