{"__metadata__":{"format":"assimp2json","version":100},"rootnode":{"name":"RootNode","transformation":[1,0,0,0,0,1,0,0,0,0,1,0,0,0,0,1],"children":[{"name":"mixamorig:Hips","transformation":[1,0,0,0,0,1,0,69.7767,0,0,1,0,0,0,0,1],"children":[{"name":"mixamorig:Spine_$AssimpFbx$_Translation","transformation":[1,0,0,0,0,1,0,3.9624,0,0,1,-0.2743,0,0,0,1],"children":[{"name":"mixamorig:Spine_$AssimpFbx$_PreRotation","transformation":[1,0,0,0,0,0.999144,0.0413647,0,0,-0.0413647,0.999144,0,0,0,0,1],"children":[{"name":"mixamorig:Spine","transformation":[1,0,0,0,0,1,0,0,0,0,1,0,0,0,0,1],"children":[{"name":"mixamorig:Spine1","transformation":[1,0,0,0,0,1,0,14.1233,0,0,1,0.2644,0,0,0,1],"children":[{"name":"mixamorig:Spine2","transformation":[1,0,0,0,0,1,0,11.4045,0,0,1,0.1061,0,0,0,1],"children":[{"name":"mixamorig:Neck_$AssimpFbx$_Translation","transformation":[1,0,0,0,0,1,0,9.9467,0,0,1,-0,0,0,0,1],"children":[{"name":"mixamorig:Neck_$AssimpFbx$_PreRotation","transformation":[1,0,0,0,0,0.999144,-0.0413647,0,0,0.0413647,0.999144,0,0,0,0,1],"children":[{"name":"mixamorig:Neck","transformation":[1,0,0,0,0,1,0,0,0,0,1,0,0,0,0,1],"children":[{"name":"mixamorig:Head","transformation":[1,0,0,0,0,1,0,8.5791,0,0,1,0.1142,0,0,0,1],"children":[{"name":"mixamorig:HeadTop_End","transformation":[1,0,0,0,0,1,0,25.0891,0,0,1,0.3339,0,0,0,1]}]}]}]}]},{"name":"mixamorig:LeftShoulder_$AssimpFbx$_Translation","transformation":[1,0,0,4.2241,0,1,0,8.8984,0,0,1,-0.0566,0,0,0,1],"children":[{"name":"mixamorig:LeftShoulder_$AssimpFbx$_PreRotation","transformation":[-0.0131448,0.971718,-0.235776,0,-0.000122193,-0.235798,-0.971802,0,-0.999914,-0.0127453,0.00321825,0,0,0,0,1],"children":[{"name":"mixamorig:LeftShoulder_$AssimpFbx$_Rotation","transformation":[1,7.41093e-05,5.02486e-06,0,-7.41006e-05,0.999999,-0.00170533,0,-5.15123e-06,0.00170533,0.999999,0,0,0,0,1],"children":[{"name":"mixamorig:LeftShoulder","transformation":[1,0,0,0,0,1,0,0,0,0,1,0,0,0,0,1],"children":[{"name":"mixamorig:LeftArm_$AssimpFbx$_Translation","transformation":[1,0,0,-0,0,1,0,8.861,0,0,1,-0,0,0,0,1],"children":[{"name":"mixamorig:LeftArm_$AssimpFbx$_PreRotation","transformation":[0.999397,-0.033793,-0.00799144,0,0.0347251,0.972572,0.229996,0,0,-0.230135,0.973159,0,0,0,0,1],"children":[{"name":"mixamorig:LeftArm_$AssimpFbx$_Rotation","transformation":[0.999789,0.0205213,6.28927e-06,0,-0.0205207,0.999761,0.00755717,0,0.000148795,-0.00755571,0.999971,0,0,0,0,1],"children":[{"name":"mixamorig:LeftArm","transformation":[1,0,0,0,0,1,0,0,0,0,1,0,0,0,0,1],"children":[{"name":"mixamorig:LeftForeArm_$AssimpFbx$_Translation","transformation":[1,0,0,-0,0,1,0,18.9752,0,0,1,0,0,0,0,1],"children":[{"name":"mixamorig:LeftForeArm_$AssimpFbx$_PreRotation","transformation":[0.999737,-0.022928,-0.00057276,0,0.0229351,0.999425,0.0249665,0,0,-0.0249731,0.999688,0,0,0,0,1],"children":[{"name":"mixamorig:LeftForeArm_$AssimpFbx$_Rotation","transformation":[0.999737,0.0229351,-0.000286387,0,-0.0229351,0.999425,-0.0249665,0,-0.000286387,0.0249665,0.999688,0,0,0,0,1],"children":[{"name":"mixamorig:LeftForeArm","transformation":[1,0,0,0,0,1,0,0,0,0,1,0,0,0,0,1],"children":[{"name":"mixamorig:LeftHand_$AssimpFbx$_Translation","transformation":[1,0,0,-0,0,1,0,19.896,0,0,1,0,0,0,0,1],"children":[{"name":"mixamorig:LeftHand_$AssimpFbx$_PreRotation","transformation":[0.997699,0.0444595,0.0511831,0,-0.0457781,0.998642,0.0248847,0,-0.0500073,-0.0271705,0.998379,0,0,0,0,1],"children":[{"name":"mixamorig:LeftHand_$AssimpFbx$_Rotation","transformation":[0.997213,0.0731684,0.0145551,0,-0.0725323,0.996553,-0.0402612,0,-0.0174507,0.0390933,0.999083,0,0,0,0,1],"children":[{"name":"mixamorig:LeftHand","transformation":[1,0,0,0,0,1,0,0,0,0,1,0,0,0,0,1],"children":[{"name":"mixamorig:LeftHandThumb1_$AssimpFbx$_Translation","transformation":[1,0,0,-2.0889,0,1,0,2.1413,0,0,1,1.2094,0,0,0,1],"children":[{"name":"mixamorig:LeftHandThumb1_$AssimpFbx$_PreRotation","transformation":[0.805204,-0.549018,0.224109,0,0.592997,0.745487,-0.304308,0,0,0.377926,0.925836,0,0,0,0,1],"children":[{"name":"mixamorig:LeftHandThumb1_$AssimpFbx$_Rotation","transformation":[0.99288,0.119063,0.00378833,0,-0.118674,0.991396,-0.0552204,0,-0.0103304,0.0543776,0.998467,0,0,0,0,1],"children":[{"name":"mixamorig:LeftHandThumb1","transformation":[1,0,0,0,0,1,0,0,0,0,1,0,0,0,0,1],"children":[{"name":"mixamorig:LeftHandThumb2_$AssimpFbx$_Translation","transformation":[1,0,0,-0.3298,0,1,0,2.5601,0,0,1,-0,0,0,0,1],"children":[{"name":"mixamorig:LeftHandThumb2_$AssimpFbx$_PreRotation","transformation":[1,0,0,0,0,0.999578,0.0290574,0,0,-0.0290574,0.999578,0,0,0,0,1],"children":[{"name":"mixamorig:LeftHandThumb2_$AssimpFbx$_Rotation","transformation":[0.987808,-0.155672,0.00144403,0,0.155648,0.987391,-0.0288714,0,0.00306864,0.0287442,0.999582,0,0,0,0,1],"children":[{"name":"mixamorig:LeftHandThumb2","transformation":[1,0,0,0,0,1,0,0,0,0,1,0,0,0,0,1],"children":[{"name":"mixamorig:LeftHandThumb3_$AssimpFbx$_Translation","transformation":[1,0,0,0.0769,0,1,0,2.7272,0,0,1,-0,0,0,0,1],"children":[{"name":"mixamorig:LeftHandThumb3_$AssimpFbx$_PreRotation","transformation":[1,0,0,0,0,0.996609,-0.0822794,0,0,0.0822794,0.996609,0,0,0,0,1],"children":[{"name":"mixamorig:LeftHandThumb3_$AssimpFbx$_Rotation","transformation":[0.996428,-0.0842534,0.00579766,0,0.0834959,0.993119,0.0821151,0,-0.0126762,-0.0813377,0.996606,0,0,0,0,1],"children":[{"name":"mixamorig:LeftHandThumb3","transformation":[1,0,0,0,0,1,0,0,0,0,1,0,0,0,0,1],"children":[{"name":"mixamorig:LeftHandThumb4","transformation":[1,0,0,0.2529,0,1,0,2.2376,0,0,1,0,0,0,0,1]}]}]}]}]}]}]}]}]}]}]}]}]},{"name":"mixamorig:LeftHandIndex1_$AssimpFbx$_Translation","transformation":[1,0,0,-2.586,0,1,0,6.9423,0,0,1,0.0297,0,0,0,1],"children":[{"name":"mixamorig:LeftHandIndex1_$AssimpFbx$_PreRotation","transformation":[0.997407,-0.0717876,0.00515827,0,0.0719727,0.994842,-0.0714839,0,0,0.0716698,0.997428,0,0,0,0,1],"children":[{"name":"mixamorig:LeftHandIndex1_$AssimpFbx$_Rotation","transformation":[0.998888,-0.0471063,-0.00203641,0,0.0471036,0.995046,0.0875527,0,-0.00209796,-0.0875512,0.996158,0,0,0,0,1],"children":[{"name":"mixamorig:LeftHandIndex1","transformation":[1,0,0,0,0,1,0,0,0,0,1,0,0,0,0,1],"children":[{"name":"mixamorig:LeftHandIndex2_$AssimpFbx$_Translation","transformation":[1,0,0,0.001,0,1,0,2.8449,0,0,1,-0,0,0,0,1],"children":[{"name":"mixamorig:LeftHandIndex2_$AssimpFbx$_PreRotation","transformation":[1,0,0,0,0,0.99974,0.0228199,0,0,-0.0228199,0.99974,0,0,0,0,1],"children":[{"name":"mixamorig:LeftHandIndex2_$AssimpFbx$_Rotation","transformation":[1,0.000839219,1.55432e-06,0,-0.000838965,0.999739,-0.0228199,0,-2.07049e-05,0.0228199,0.99974,0,0,0,0,1],"children":[{"name":"mixamorig:LeftHandIndex2","transformation":[1,0,0,0,0,1,0,0,0,0,1,0,0,0,0,1],"children":[{"name":"mixamorig:LeftHandIndex3_$AssimpFbx$_Translation","transformation":[1,0,0,-0.0013,0,1,0,2.6655,0,0,1,-0,0,0,0,1],"children":[{"name":"mixamorig:LeftHandIndex3_$AssimpFbx$_PreRotation","transformation":[1,0,0,0,0,0.99991,-0.0134474,0,0,0.0134474,0.99991,0,0,0,0,1],"children":[{"name":"mixamorig:LeftHandIndex3_$AssimpFbx$_Rotation","transformation":[1,-0.000618296,-2.40134e-06,0,0.000618272,0.999909,0.0134474,0,-5.91332e-06,-0.0134474,0.99991,0,0,0,0,1],"children":[{"name":"mixamorig:LeftHandIndex3","transformation":[1,0,0,0,0,1,0,0,0,0,1,0,0,0,0,1],"children":[{"name":"mixamorig:LeftHandIndex4","transformation":[1,0,0,0.0003,0,1,0,2.2974,0,0,1,0,0,0,0,1]}]}]}]}]}]}]}]}]}]}]}]}]},{"name":"mixamorig:LeftHandMiddle1_$AssimpFbx$_Translation","transformation":[1,0,0,-0.815,0,1,0,6.8272,0,0,1,-0.1101,0,0,0,1],"children":[{"name":"mixamorig:LeftHandMiddle1_$AssimpFbx$_PreRotation","transformation":[0.999995,0.00317647,1.23465e-05,0,-0.00317649,0.999987,0.00388682,0,0,-0.00388684,0.999992,0,0,0,0,1],"children":[{"name":"mixamorig:LeftHandMiddle1_$AssimpFbx$_Rotation","transformation":[0.993001,-0.118105,-0.000763891,0,0.118106,0.992927,0.0121507,0,-0.00067657,-0.0121559,0.999926,0,0,0,0,1],"children":[{"name":"mixamorig:LeftHandMiddle1","transformation":[1,0,0,0,0,1,0,0,0,0,1,0,0,0,0,1],"children":[{"name":"mixamorig:LeftHandMiddle2_$AssimpFbx$_Translation","transformation":[1,0,0,-0.0117,0,1,0,3.2568,0,0,1,0,0,0,0,1],"children":[{"name":"mixamorig:LeftHandMiddle2_$AssimpFbx$_PreRotation","transformation":[1,0,0,0,0,0.996605,-0.0823281,0,0,0.0823281,0.996605,0,0,0,0,1],"children":[{"name":"mixamorig:LeftHandMiddle2_$AssimpFbx$_Rotation","transformation":[0.999994,-0.00337219,-0.000157214,0,0.00337369,0.9966,0.0823276,0,-0.000120945,-0.0823276,0.996605,0,0,0,0,1],"children":[{"name":"mixamorig:LeftHandMiddle2","transformation":[1,0,0,0,0,1,0,0,0,0,1,0,0,0,0,1],"children":[{"name":"mixamorig:LeftHandMiddle3_$AssimpFbx$_Translation","transformation":[1,0,0,-0.0007,0,1,0,3.1779,0,0,1,-0,0,0,0,1],"children":[{"name":"mixamorig:LeftHandMiddle3_$AssimpFbx$_PreRotation","transformation":[1,0,0,0,0,0.993255,-0.11595,0,0,0.11595,0.993255,0,0,0,0,1],"children":[{"name":"mixamorig:LeftHandMiddle3_$AssimpFbx$_Rotation","transformation":[0.999988,-0.00482116,0.000254827,0,0.0047591,0.993244,0.11595,0,-0.000812117,-0.115947,0.993255,0,0,0,0,1],"children":[{"name":"mixamorig:LeftHandMiddle3","transformation":[1,0,0,0,0,1,0,0,0,0,1,0,0,0,0,1],"children":[{"name":"mixamorig:LeftHandMiddle4","transformation":[1,0,0,0.0124,0,1,0,2.6951,0,0,1,0,0,0,0,1]}]}]}]}]}]}]}]}]}]}]}]}]},{"name":"mixamorig:LeftHandRing1_$AssimpFbx$_Translation","transformation":[1,0,0,0.8988,0,1,0,6.7787,0,0,1,-0.023,0,0,0,1],"children":[{"name":"mixamorig:LeftHandRing1_$AssimpFbx$_PreRotation","transformation":[0.995986,0.0894346,0.00370777,0,-0.0895114,0.995131,0.041256,0,0,-0.0414223,0.999142,0,0,0,0,1],"children":[{"name":"mixamorig:LeftHandRing1_$AssimpFbx$_Rotation","transformation":[0.978635,-0.205589,0.00258163,0,0.205589,0.978331,-0.0245198,0,0.0025153,0.0245267,0.999696,0,0,0,0,1],"children":[{"name":"mixamorig:LeftHandRing1","transformation":[1,0,0,0,0,1,0,0,0,0,1,0,0,0,0,1],"children":[{"name":"mixamorig:LeftHandRing2_$AssimpFbx$_Translation","transformation":[1,0,0,-0.004,0,1,0,2.958,0,0,1,-0,0,0,0,1],"children":[{"name":"mixamorig:LeftHandRing2_$AssimpFbx$_PreRotation","transformation":[1,0,0,0,0,0.998453,-0.0556002,0,0,0.0556002,0.998453,0,0,0,0,1],"children":[{"name":"mixamorig:LeftHandRing2_$AssimpFbx$_Rotation","transformation":[0.999997,-0.00225908,-1.23931e-05,0,0.00225627,0.998451,0.0556002,0,-0.000113231,-0.0556001,0.998453,0,0,0,0,1],"children":[{"name":"mixamorig:LeftHandRing2","transformation":[1,0,0,0,0,1,0,0,0,0,1,0,0,0,0,1],"children":[{"name":"mixamorig:LeftHandRing3_$AssimpFbx$_Translation","transformation":[1,0,0,0.0025,0,1,0,2.7569,0,0,1,0,0,0,0,1],"children":[{"name":"mixamorig:LeftHandRing3_$AssimpFbx$_PreRotation","transformation":[1,0,0,0,0,0.999978,0.00663918,0,0,-0.00663918,0.999978,0,0,0,0,1],"children":[{"name":"mixamorig:LeftHandRing3_$AssimpFbx$_Rotation","transformation":[1,0.000264307,-5.14318e-06,0,-0.000264335,0.999978,-0.00663918,0,3.38828e-06,0.00663918,0.999978,0,0,0,0,1],"children":[{"name":"mixamorig:LeftHandRing3","transformation":[1,0,0,0,0,1,0,0,0,0,1,0,0,0,0,1],"children":[{"name":"mixamorig:LeftHandRing4","transformation":[1,0,0,0.0015,0,1,0,2.3346,0,0,1,0,0,0,0,1]}]}]}]}]}]}]}]}]}]}]}]}]},{"name":"mixamorig:LeftHandPinky1_$AssimpFbx$_Translation","transformation":[1,0,0,2.5022,0,1,0,6.3908,0,0,1,0.0875,0,0,0,1],"children":[{"name":"mixamorig:LeftHandPinky1_$AssimpFbx$_PreRotation","transformation":[0.996788,0.080079,-0.00117005,0,-0.0800876,0.996681,-0.0145627,0,0,0.0146096,0.999893,0,0,0,0,1],"children":[{"name":"mixamorig:LeftHandPinky1_$AssimpFbx$_Rotation","transformation":[0.980026,-0.198846,-0.00300951,0,0.198845,0.979561,0.0303324,0,-0.00308349,-0.030325,0.999535,0,0,0,0,1],"children":[{"name":"mixamorig:LeftHandPinky1","transformation":[1,0,0,0,0,1,0,0,0,0,1,0,0,0,0,1],"children":[{"name":"mixamorig:LeftHandPinky2_$AssimpFbx$_Translation","transformation":[1,0,0,0.0032,0,1,0,2.6237,0,0,1,-0,0,0,0,1],"children":[{"name":"mixamorig:LeftHandPinky2_$AssimpFbx$_PreRotation","transformation":[1,0,0,0,0,0.999906,-0.0137248,0,0,0.0137248,0.999906,0,0,0,0,1],"children":[{"name":"mixamorig:LeftHandPinky2_$AssimpFbx$_Rotation","transformation":[1,-0.000609529,2.09233e-05,0,0.000609185,0.999906,0.0137248,0,-2.9287e-05,-0.0137248,0.999906,0,0,0,0,1],"children":[{"name":"mixamorig:LeftHandPinky2","transformation":[1,0,0,0,0,1,0,0,0,0,1,0,0,0,0,1],"children":[{"name":"mixamorig:LeftHandPinky3_$AssimpFbx$_Translation","transformation":[1,0,0,0.0039,0,1,0,2.1321,0,0,1,0,0,0,0,1],"children":[{"name":"mixamorig:LeftHandPinky3_$AssimpFbx$_PreRotation","transformation":[1,0,0,0,0,0.990406,0.138186,0,0,-0.138186,0.990406,0,0,0,0,1],"children":[{"name":"mixamorig:LeftHandPinky3_$AssimpFbx$_Rotation","transformation":[0.999983,0.00578853,0.000147892,0,-0.00571256,0.99039,-0.138186,0,-0.000946367,0.138183,0.990406,0,0,0,0,1],"children":[{"name":"mixamorig:LeftHandPinky3","transformation":[1,0,0,0,0,1,0,0,0,0,1,0,0,0,0,1],"children":[{"name":"mixamorig:LeftHandPinky4","transformation":[1,0,0,-0.0071,0,1,0,1.7932,0,0,1,0,0,0,0,1]}]}]}]}]}]}]}]}]}]}]}]}]}]}]}]}]}]}]}]}]}]}]}]}]}]}]}]}]},{"name":"mixamorig:RightShoulder_$AssimpFbx$_Translation","transformation":[1,0,0,-4.2241,0,1,0,8.8973,0,0,1,-0.0302,0,0,0,1],"children":[{"name":"mixamorig:RightShoulder_$AssimpFbx$_PreRotation","transformation":[-0.00700534,-0.971719,0.236037,0,7.2163e-05,-0.236043,-0.971743,0,0.999975,-0.00679035,0.00172369,0,0,0,0,1],"children":[{"name":"mixamorig:RightShoulder_$AssimpFbx$_Rotation","transformation":[1,-7.15625e-05,5.14766e-06,0,7.15712e-05,0.999999,-0.0017058,0,-5.02558e-06,0.0017058,0.999999,0,0,0,0,1],"children":[{"name":"mixamorig:RightShoulder","transformation":[1,0,0,0,0,1,0,0,0,0,1,0,0,0,0,1],"children":[{"name":"mixamorig:RightArm_$AssimpFbx$_Translation","transformation":[1,0,0,0,0,1,0,8.861,0,0,1,-0,0,0,0,1],"children":[{"name":"mixamorig:RightArm_$AssimpFbx$_PreRotation","transformation":[0.999719,0.0230604,0.00546604,0,-0.0236994,0.972766,0.230576,0,0,-0.230641,0.973039,0,0,0,0,1],"children":[{"name":"mixamorig:RightArm_$AssimpFbx$_Rotation","transformation":[0.999873,-0.0159455,-2.53206e-06,0,0.015945,0.999846,0.00728589,0,-0.000113645,-0.00728501,0.999973,0,0,0,0,1],"children":[{"name":"mixamorig:RightArm","transformation":[1,0,0,0,0,1,0,0,0,0,1,0,0,0,0,1],"children":[{"name":"mixamorig:RightForeArm_$AssimpFbx$_Translation","transformation":[1,0,0,0,0,1,0,18.9736,0,0,1,0,0,0,0,1],"children":[{"name":"mixamorig:RightForeArm_$AssimpFbx$_PreRotation","transformation":[0.999547,0.0301019,0.000743455,0,-0.0301111,0.999242,0.0246792,0,0,-0.0246904,0.999695,0,0,0,0,1],"children":[{"name":"mixamorig:RightForeArm_$AssimpFbx$_Rotation","transformation":[0.999547,-0.0301111,0.0003717,0,0.0301111,0.999242,-0.0246792,0,0.0003717,0.0246792,0.999695,0,0,0,0,1],"children":[{"name":"mixamorig:RightForeArm","transformation":[1,0,0,0,0,1,0,0,0,0,1,0,0,0,0,1],"children":[{"name":"mixamorig:RightHand_$AssimpFbx$_Translation","transformation":[1,0,0,-0,0,1,0,19.8983,0,0,1,-0,0,0,0,1],"children":[{"name":"mixamorig:RightHand_$AssimpFbx$_PreRotation","transformation":[0.997619,-0.0510985,-0.0463251,0,0.0522254,0.99836,0.0234487,0,0.0450509,-0.0258122,0.998651,0,0,0,0,1],"children":[{"name":"mixamorig:RightHand_$AssimpFbx$_Rotation","transformation":[0.998329,-0.0565076,-0.012086,0,0.0560454,0.997791,-0.0356632,0,0.0140745,0.0349262,0.999291,0,0,0,0,1],"children":[{"name":"mixamorig:RightHand","transformation":[1,0,0,0,0,1,0,0,0,0,1,0,0,0,0,1],"children":[{"name":"mixamorig:RightHandThumb1_$AssimpFbx$_Translation","transformation":[1,0,0,2.062,0,1,0,2.1477,0,0,1,1.241,0,0,0,1],"children":[{"name":"mixamorig:RightHandThumb1_$AssimpFbx$_PreRotation","transformation":[0.796348,0.557725,-0.234034,0,-0.604838,0.734318,-0.308136,0,0,0.386936,0.922106,0,0,0,0,1],"children":[{"name":"mixamorig:RightHandThumb1_$AssimpFbx$_Rotation","transformation":[0.992633,-0.121136,-0.00232874,0,0.120863,0.991371,-0.0507569,0,0.00845716,0.0501015,0.998708,0,0,0,0,1],"children":[{"name":"mixamorig:RightHandThumb1","transformation":[1,0,0,0,0,1,0,0,0,0,1,0,0,0,0,1],"children":[{"name":"mixamorig:RightHandThumb2_$AssimpFbx$_Translation","transformation":[1,0,0,0.2744,0,1,0,2.5659,0,0,1,-0,0,0,0,1],"children":[{"name":"mixamorig:RightHandThumb2_$AssimpFbx$_PreRotation","transformation":[1,0,0,0,0,0.998406,0.0564488,0,0,-0.0564488,0.998406,0,0,0,0,1],"children":[{"name":"mixamorig:RightHandThumb2_$AssimpFbx$_Rotation","transformation":[0.99095,0.134216,-0.00220785,0,-0.134127,0.989369,-0.056213,0,-0.00536028,0.0560003,0.998416,0,0,0,0,1],"children":[{"name":"mixamorig:RightHandThumb2","transformation":[1,0,0,0,0,1,0,0,0,0,1,0,0,0,0,1],"children":[{"name":"mixamorig:RightHandThumb3_$AssimpFbx$_Translation","transformation":[1,0,0,-0.0767,0,1,0,2.7302,0,0,1,0,0,0,0,1],"children":[{"name":"mixamorig:RightHandThumb3_$AssimpFbx$_PreRotation","transformation":[1,0,0,0,0,0.997214,-0.0745993,0,0,0.0745993,0.997214,0,0,0,0,1],"children":[{"name":"mixamorig:RightHandThumb3_$AssimpFbx$_Rotation","transformation":[0.998205,0.0597408,-0.00432867,0,-0.0592536,0.995461,0.0744773,0,0.00875835,-0.0740871,0.997213,0,0,0,0,1],"children":[{"name":"mixamorig:RightHandThumb3","transformation":[1,0,0,0,0,1,0,0,0,0,1,0,0,0,0,1],"children":[{"name":"mixamorig:RightHandThumb4","transformation":[1,0,0,-0.1977,0,1,0,2.2443,0,0,1,0,0,0,0,1]}]}]}]}]}]}]}]}]}]}]}]}]},{"name":"mixamorig:RightHandIndex1_$AssimpFbx$_Translation","transformation":[1,0,0,2.5699,0,1,0,7.0538,0,0,1,0.0509,0,0,0,1],"children":[{"name":"mixamorig:RightHandIndex1_$AssimpFbx$_PreRotation","transformation":[0.996843,0.0792188,-0.00541796,0,-0.0794038,0.994519,-0.0680175,0,0,0.0682329,0.997669,0,0,0,0,1],"children":[{"name":"mixamorig:RightHandIndex1_$AssimpFbx$_Rotation","transformation":[0.999559,0.0296824,0.00116077,0,-0.0296789,0.996274,0.0809729,0,0.00124702,-0.0809717,0.996716,0,0,0,0,1],"children":[{"name":"mixamorig:RightHandIndex1","transformation":[1,0,0,0,0,1,0,0,0,0,1,0,0,0,0,1],"children":[{"name":"mixamorig:RightHandIndex2_$AssimpFbx$_Translation","transformation":[1,0,0,-0.0015,0,1,0,2.8163,0,0,1,-0,0,0,0,1],"children":[{"name":"mixamorig:RightHandIndex2_$AssimpFbx$_PreRotation","transformation":[1,0,0,0,0,0.99972,0.0236645,0,0,-0.0236645,0.99972,0,0,0,0,1],"children":[{"name":"mixamorig:RightHandIndex2_$AssimpFbx$_Rotation","transformation":[1,-0.000987228,9.23033e-07,0,0.000986973,0.99972,-0.0236645,0,2.24394e-05,0.0236644,0.99972,0,0,0,0,1],"children":[{"name":"mixamorig:RightHandIndex2","transformation":[1,0,0,0,0,1,0,0,0,0,1,0,0,0,0,1],"children":[{"name":"mixamorig:RightHandIndex3_$AssimpFbx$_Translation","transformation":[1,0,0,0.0012,0,1,0,2.6396,0,0,1,0,0,0,0,1],"children":[{"name":"mixamorig:RightHandIndex3_$AssimpFbx$_PreRotation","transformation":[1,0,0,0,0,0.999986,-0.00537035,0,0,0.00537035,0.999986,0,0,0,0,1],"children":[{"name":"mixamorig:RightHandIndex3_$AssimpFbx$_Rotation","transformation":[1,0.000320775,1.58011e-06,0,-0.000320779,0.999986,0.00537035,0,1.42587e-07,-0.00537035,0.999986,0,0,0,0,1],"children":[{"name":"mixamorig:RightHandIndex3","transformation":[1,0,0,0,0,1,0,0,0,0,1,0,0,0,0,1],"children":[{"name":"mixamorig:RightHandIndex4","transformation":[1,0,0,0.0003,0,1,0,2.2415,0,0,1,0,0,0,0,1]}]}]}]}]}]}]}]}]}]}]}]}]},{"name":"mixamorig:RightHandMiddle1_$AssimpFbx$_Translation","transformation":[1,0,0,0.7655,0,1,0,7.0182,0,0,1,-0.0904,0,0,0,1],"children":[{"name":"mixamorig:RightHandMiddle1_$AssimpFbx$_PreRotation","transformation":[0.999809,0.0195619,0.000383736,0,-0.0195656,0.999616,0.019609,0,0,-0.0196128,0.999808,0,0,0,0,1],"children":[{"name":"mixamorig:RightHandMiddle1_$AssimpFbx$_Rotation","transformation":[0.996259,0.0864172,-0.000308562,0,-0.0864173,0.996236,-0.00673129,0,-0.000274299,0.00673277,0.999977,0,0,0,0,1],"children":[{"name":"mixamorig:RightHandMiddle1","transformation":[1,0,0,0,0,1,0,0,0,0,1,0,0,0,0,1],"children":[{"name":"mixamorig:RightHandMiddle2_$AssimpFbx$_Translation","transformation":[1,0,0,0.0085,0,1,0,3.3402,0,0,1,0,0,0,0,1],"children":[{"name":"mixamorig:RightHandMiddle2_$AssimpFbx$_PreRotation","transformation":[1,0,0,0,0,0.992767,-0.120054,0,0,0.120054,0.992767,0,0,0,0,1],"children":[{"name":"mixamorig:RightHandMiddle2_$AssimpFbx$_Rotation","transformation":[0.999987,0.00512921,-2.39344e-06,0,-0.00509183,0.992754,0.120054,0,0.000618157,-0.120052,0.992767,0,0,0,0,1],"children":[{"name":"mixamorig:RightHandMiddle2","transformation":[1,0,0,0,0,1,0,0,0,0,1,0,0,0,0,1],"children":[{"name":"mixamorig:RightHandMiddle3_$AssimpFbx$_Translation","transformation":[1,0,0,-0.0079,0,1,0,3.0567,0,0,1,-0,0,0,0,1],"children":[{"name":"mixamorig:RightHandMiddle3_$AssimpFbx$_PreRotation","transformation":[1,0,0,0,0,0.998492,0.0549031,0,0,-0.0549031,0.998492,0,0,0,0,1],"children":[{"name":"mixamorig:RightHandMiddle3_$AssimpFbx$_Rotation","transformation":[0.999997,-0.00235716,7.72462e-05,0,0.00235785,0.998489,-0.0549029,0,5.22856e-05,0.054903,0.998492,0,0,0,0,1],"children":[{"name":"mixamorig:RightHandMiddle3","transformation":[1,0,0,0,0,1,0,0,0,0,1,0,0,0,0,1],"children":[{"name":"mixamorig:RightHandMiddle4","transformation":[1,0,0,-0.0006,0,1,0,2.6395,0,0,1,0,0,0,0,1]}]}]}]}]}]}]}]}]}]}]}]}]},{"name":"mixamorig:RightHandRing1_$AssimpFbx$_Translation","transformation":[1,0,0,-0.8923,0,1,0,6.9111,0,0,1,-0.1216,0,0,0,1],"children":[{"name":"mixamorig:RightHandRing1_$AssimpFbx$_PreRotation","transformation":[0.997149,-0.0754469,0.00144655,0,0.0754608,0.996966,-0.0191149,0,0,0.0191695,0.999816,0,0,0,0,1],"children":[{"name":"mixamorig:RightHandRing1_$AssimpFbx$_Rotation","transformation":[0.982897,0.184131,0.00290683,0,-0.18413,0.982392,0.0316482,0,0.00297177,-0.0316422,0.999495,0,0,0,0,1],"children":[{"name":"mixamorig:RightHandRing1","transformation":[1,0,0,0,0,1,0,0,0,0,1,0,0,0,0,1],"children":[{"name":"mixamorig:RightHandRing2_$AssimpFbx$_Translation","transformation":[1,0,0,-0.003,0,1,0,2.9239,0,0,1,0,0,0,0,1],"children":[{"name":"mixamorig:RightHandRing2_$AssimpFbx$_PreRotation","transformation":[1,0,0,0,0,0.998987,0.0449986,0,0,-0.0449986,0.998987,0,0,0,0,1],"children":[{"name":"mixamorig:RightHandRing2_$AssimpFbx$_Rotation","transformation":[0.999998,-0.00198261,1.56317e-06,0,0.00198067,0.998985,-0.0449986,0,8.76531e-05,0.0449985,0.998987,0,0,0,0,1],"children":[{"name":"mixamorig:RightHandRing2","transformation":[1,0,0,0,0,1,0,0,0,0,1,0,0,0,0,1],"children":[{"name":"mixamorig:RightHandRing3_$AssimpFbx$_Translation","transformation":[1,0,0,0.0026,0,1,0,2.718,0,0,1,-0,0,0,0,1],"children":[{"name":"mixamorig:RightHandRing3_$AssimpFbx$_PreRotation","transformation":[1,0,0,0,0,0.999834,-0.0181923,0,0,0.0181923,0.999834,0,0,0,0,1],"children":[{"name":"mixamorig:RightHandRing3_$AssimpFbx$_Rotation","transformation":[1,0.000830514,9.84883e-06,0,-0.000830555,0.999834,0.0181923,0,5.26176e-06,-0.0181923,0.999834,0,0,0,0,1],"children":[{"name":"mixamorig:RightHandRing3","transformation":[1,0,0,0,0,1,0,0,0,0,1,0,0,0,0,1],"children":[{"name":"mixamorig:RightHandRing4","transformation":[1,0,0,0.0003,0,1,0,2.3796,0,0,1,0,0,0,0,1]}]}]}]}]}]}]}]}]}]}]}]}]},{"name":"mixamorig:RightHandPinky1_$AssimpFbx$_Translation","transformation":[1,0,0,-2.4431,0,1,0,6.4536,0,0,1,0.1255,0,0,0,1],"children":[{"name":"mixamorig:RightHandPinky1_$AssimpFbx$_PreRotation","transformation":[0.994901,-0.100852,0.000461704,0,0.100853,0.994891,-0.00455464,0,0,0.00457798,0.99999,0,0,0,0,1],"children":[{"name":"mixamorig:RightHandPinky1_$AssimpFbx$_Rotation","transformation":[0.977895,0.209087,0.00180985,0,-0.209086,0.977744,0.0172828,0,0.00184404,-0.0172792,0.999849,0,0,0,0,1],"children":[{"name":"mixamorig:RightHandPinky1","transformation":[1,0,0,0,0,1,0,0,0,0,1,0,0,0,0,1],"children":[{"name":"mixamorig:RightHandPinky2_$AssimpFbx$_Translation","transformation":[1,0,0,-0.0026,0,1,0,2.6279,0,0,1,-0,0,0,0,1],"children":[{"name":"mixamorig:RightHandPinky2_$AssimpFbx$_PreRotation","transformation":[1,0,0,0,0,0.999993,0.00363377,0,0,-0.00363377,0.999993,0,0,0,0,1],"children":[{"name":"mixamorig:RightHandPinky2_$AssimpFbx$_Rotation","transformation":[1,-9.42123e-05,3.42402e-06,0,9.42241e-05,0.999993,-0.00363376,0,-3.08166e-06,0.00363376,0.999993,0,0,0,0,1],"children":[{"name":"mixamorig:RightHandPinky2","transformation":[1,0,0,0,0,1,0,0,0,0,1,0,0,0,0,1],"children":[{"name":"mixamorig:RightHandPinky3_$AssimpFbx$_Translation","transformation":[1,0,0,-0.0019,0,1,0,2.1225,0,0,1,0,0,0,0,1],"children":[{"name":"mixamorig:RightHandPinky3_$AssimpFbx$_PreRotation","transformation":[1,0,0,0,0,0.997381,0.072333,0,0,-0.072333,0.997381,0,0,0,0,1],"children":[{"name":"mixamorig:RightHandPinky3_$AssimpFbx$_Rotation","transformation":[0.999994,-0.00340632,-5.85212e-05,0,0.00339316,0.997375,-0.0723331,0,0.000304757,0.0723325,0.99738,0,0,0,0,1],"children":[{"name":"mixamorig:RightHandPinky3","transformation":[1,0,0,0,0,1,0,0,0,0,1,0,0,0,0,1],"children":[{"name":"mixamorig:RightHandPinky4","transformation":[1,0,0,0.0045,0,1,0,1.792,0,0,1,0,0,0,0,1]}]}]}]}]}]}]}]}]}]}]}]}]}]}]}]}]}]}]}]}]}]}]}]}]}]}]}]}]}]}]}]}]}]},{"name":"mixamorig:LeftUpLeg_$AssimpFbx$_Translation","transformation":[1,0,0,7.557,0,1,0,-4.8263,0,0,1,0.3005,0,0,0,1],"children":[{"name":"mixamorig:LeftUpLeg_$AssimpFbx$_PreRotation","transformation":[-0.999771,0.0213943,-5.11296e-07,0,-0.0213909,-0.99961,0.0179713,0,0.000383972,0.0179672,0.999839,0,0,0,0,1],"children":[{"name":"mixamorig:LeftUpLeg_$AssimpFbx$_Rotation","transformation":[0.999909,0.0134623,-0.000241885,0,-0.0134623,0.999909,6.79848e-06,0,0.000241954,-3.54153e-06,1,0,0,0,0,1],"children":[{"name":"mixamorig:LeftUpLeg","transformation":[1,0,0,0,0,1,0,0,0,0,1,0,0,0,0,1],"children":[{"name":"mixamorig:LeftLeg_$AssimpFbx$_Translation","transformation":[1,0,0,-0.1246,0,1,0,24.0658,0,0,1,0.1047,0,0,0,1],"children":[{"name":"mixamorig:LeftLeg_$AssimpFbx$_PreRotation","transformation":[0.999844,0.0176527,0.000274013,0,-0.0176548,0.999724,0.0155182,0,0,-0.0155206,0.99988,0,0,0,0,1],"children":[{"name":"mixamorig:LeftLeg","transformation":[1,0,0,0,0,1,0,0,0,0,1,0,0,0,0,1],"children":[{"name":"mixamorig:LeftFoot_$AssimpFbx$_Translation","transformation":[1,0,0,-0.006,0,1,0,33.0631,0,0,1,0.0039,0,0,0,1],"children":[{"name":"mixamorig:LeftFoot_$AssimpFbx$_PreRotation","transformation":[0.999985,-0.00462431,-0.00303746,0,0,0.549005,-0.835819,0,0.00553267,0.835806,0.548997,0,0,0,0,1],"children":[{"name":"mixamorig:LeftFoot_$AssimpFbx$_Rotation","transformation":[0.999909,-0.00736395,0.0112721,0,0.0073648,0.999973,-3.38858e-05,0,-0.0112715,0.000116899,0.999936,0,0,0,0,1],"children":[{"name":"mixamorig:LeftFoot","transformation":[1,0,0,0,0,1,0,0,0,0,1,0,0,0,0,1],"children":[{"name":"mixamorig:LeftToeBase_$AssimpFbx$_Translation","transformation":[1,0,0,-0.0053,0,1,0,12.8933,0,0,1,-0.5155,0,0,0,1],"children":[{"name":"mixamorig:LeftToeBase_$AssimpFbx$_PreRotation","transformation":[0.999849,-0.00936713,-0.0146076,0,0,0.841793,-0.539801,0,0.0173529,0.53972,0.841666,0,0,0,0,1],"children":[{"name":"mixamorig:LeftToeBase","transformation":[1,0,0,0,0,1,0,0,0,0,1,0,0,0,0,1],"children":[{"name":"mixamorig:LeftToe_End","transformation":[1,0,0,0.0142,0,1,0,6.4208,0,0,1,0.0079,0,0,0,1]}]}]}]}]}]}]}]}]}]}]}]}]}]}]},{"name":"mixamorig:RightUpLeg_$AssimpFbx$_Translation","transformation":[1,0,0,-7.557,0,1,0,-4.8263,0,0,1,0.3005,0,0,0,1],"children":[{"name":"mixamorig:RightUpLeg_$AssimpFbx$_PreRotation","transformation":[-0.999771,-0.0213851,6.8394e-07,0,0.0213716,-0.999137,0.0356158,0,-0.000760963,0.0356077,0.999366,0,0,0,0,1],"children":[{"name":"mixamorig:RightUpLeg_$AssimpFbx$_Rotation","transformation":[0.999909,-0.0134582,0.000479449,0,0.0134582,0.999909,1.34746e-05,0,-0.000479587,-7.02082e-06,1,0,0,0,0,1],"children":[{"name":"mixamorig:RightUpLeg","transformation":[1,0,0,0,0,1,0,0,0,0,1,0,0,0,0,1],"children":[{"name":"mixamorig:RightLeg_$AssimpFbx$_Translation","transformation":[1,0,0,0.1248,0,1,0,24.0701,0,0,1,-0.1449,0,0,0,1],"children":[{"name":"mixamorig:RightLeg_$AssimpFbx$_PreRotation","transformation":[0.999844,-0.0176331,-0.000579066,0,0.0176426,0.999306,0.0328169,0,0,-0.032822,0.999461,0,0,0,0,1],"children":[{"name":"mixamorig:RightLeg","transformation":[1,0,0,0,0,1,0,0,0,0,1,0,0,0,0,1],"children":[{"name":"mixamorig:RightFoot_$AssimpFbx$_Translation","transformation":[1,0,0,0.006,0,1,0,33.0631,0,0,1,0.0045,0,0,0,1],"children":[{"name":"mixamorig:RightFoot_$AssimpFbx$_PreRotation","transformation":[0.999984,0.00463285,0.00310352,0,0,0.556555,-0.830811,0,-0.0055763,0.830798,0.556547,0,0,0,0,1],"children":[{"name":"mixamorig:RightFoot_$AssimpFbx$_Rotation","transformation":[0.999909,0.00746312,-0.0112093,0,-0.00746398,0.999972,-3.50488e-05,0,0.0112087,0.000118712,0.999937,0,0,0,0,1],"children":[{"name":"mixamorig:RightFoot","transformation":[1,0,0,0,0,1,0,0,0,0,1,0,0,0,0,1],"children":[{"name":"mixamorig:RightToeBase_$AssimpFbx$_Translation","transformation":[1,0,0,0.0054,0,1,0,12.7183,0,0,1,-0.5224,0,0,0,1],"children":[{"name":"mixamorig:RightToeBase_$AssimpFbx$_PreRotation","transformation":[0.999856,0.00928187,0.0142013,0,0,0.837066,-0.547102,0,-0.0169655,0.547023,0.836946,0,0,0,0,1],"children":[{"name":"mixamorig:RightToeBase","transformation":[1,0,0,0,0,1,0,0,0,0,1,0,0,0,0,1],"children":[{"name":"mixamorig:RightToe_End","transformation":[1,0,0,-0.0142,0,1,0,6.4121,0,0,1,0.0079,0,0,0,1]}]}]}]}]}]}]}]}]}]}]}]}]}]}]}]}]},"flags":9,"animations":[{"name":"mixamo.com","tickspersecond":30,"duration":65,"channels":[{"name":"mixamorig:Head","prestate":0,"poststate":0,"positionkeys":[[0,[0,8.5791,0.1142]],[1,[0,8.5791,0.1142]],[2,[0,8.5791,0.1142]],[3,[0,8.5791,0.1142]],[4,[0,8.5791,0.1142]],[5,[0,8.5791,0.1142]],[6,[0,8.5791,0.1142]],[7,[0,8.5791,0.1142]],[8,[0,8.5791,0.1142]],[9,[0,8.5791,0.1142]],[10,[0,8.5791,0.1142]],[11,[0,8.5791,0.1142]],[12,[0,8.5791,0.1142]],[13,[0,8.5791,0.1142]],[14,[0,8.5791,0.1142]],[15,[0,8.5791,0.1142]],[16,[0,8.5791,0.1142]],[17,[0,8.5791,0.1142]],[18,[0,8.5791,0.1142]],[19,[0,8.5791,0.1142]],[20,[0,8.5791,0.1142]],[21,[0,8.5791,0.1142]],[22,[0,8.5791,0.1142]],[23,[0,8.5791,0.1142]],[24,[0,8.5791,0.1142]],[25,[0,8.5791,0.1142]],[26,[0,8.5791,0.1142]],[27,[0,8.5791,0.1142]],[28,[0,8.5791,0.1142]],[29,[0,8.5791,0.1142]],[30,[0,8.5791,0.1142]],[31,[0,8.5791,0.1142]],[32,[0,8.5791,0.1142]],[33,[0,8.5791,0.1142]],[34,[0,8.5791,0.1142]],[35,[0,8.5791,0.1142]],[36,[0,8.5791,0.1142]],[37,[0,8.5791,0.1142]],[38,[0,8.5791,0.1142]],[39,[0,8.5791,0.1142]],[40,[0,8.5791,0.1142]],[41,[0,8.5791,0.1142]],[42,[0,8.5791,0.1142]],[43,[0,8.5791,0.1142]],[44,[0,8.5791,0.1142]],[45,[0,8.5791,0.1142]],[46,[0,8.5791,0.1142]],[47,[0,8.5791,0.1142]],[48,[0,8.5791,0.1142]],[49,[0,8.5791,0.1142]],[50,[0,8.5791,0.1142]],[51,[0,8.5791,0.1142]],[52,[0,8.5791,0.1142]],[53,[0,8.5791,0.1142]],[54,[0,8.5791,0.1142]],[55,[0,8.5791,0.1142]],[56,[0,8.5791,0.1142]],[57,[0,8.5791,0.1142]],[58,[0,8.5791,0.1142]],[59,[0,8.5791,0.1142]],[60,[0,8.5791,0.1142]],[61,[0,8.5791,0.1142]],[62,[0,8.5791,0.1142]],[63,[0,8.5791,0.1142]],[64,[0,8.5791,0.1142]],[65,[0,8.5791,0.1142]]],"rotationkeys":[[0,[0.98853,-0.0163807,-0.145788,-0.0358695]],[1,[0.988697,-0.0141078,-0.145052,-0.0352112]],[2,[0.988871,-0.0116251,-0.144497,-0.0334534]],[3,[0.989087,-0.00861009,-0.143851,-0.0306556]],[4,[0.989334,-0.00550319,-0.143165,-0.0263165]],[5,[0.989496,-0.00355591,-0.142839,-0.0219335]],[6,[0.989545,-0.00239332,-0.143019,-0.0184348]],[7,[0.989594,-0.00226143,-0.143044,-0.0153888]],[8,[0.989705,-0.00411234,-0.142469,-0.0130027]],[9,[0.989962,-0.0089469,-0.140575,-0.0115565]],[10,[0.990323,-0.0171777,-0.13726,-0.0111803]],[11,[0.990685,-0.0288508,-0.132561,-0.0117734]],[12,[0.990819,-0.0408301,-0.128283,-0.0124034]],[13,[0.990713,-0.049459,-0.126065,-0.0122013]],[14,[0.990447,-0.0540501,-0.126398,-0.0108225]],[15,[0.990138,-0.0553418,-0.128414,-0.00855471]],[16,[0.98983,-0.0548991,-0.131014,-0.00758949]],[17,[0.989549,-0.0540603,-0.13337,-0.00913553]],[18,[0.989349,-0.0528474,-0.135008,-0.01299]],[19,[0.989114,-0.0506187,-0.13711,-0.0171182]],[20,[0.988897,-0.0472057,-0.139332,-0.0210093]],[21,[0.988672,-0.0438707,-0.141424,-0.0245629]],[22,[0.988313,-0.0419564,-0.143856,-0.0279708]],[23,[0.987772,-0.0410322,-0.147104,-0.0313633]],[24,[0.987136,-0.0397831,-0.150915,-0.0347122]],[25,[0.986547,-0.0366578,-0.154881,-0.0373102]],[26,[0.986292,-0.0304567,-0.157356,-0.0392246]],[27,[0.986262,-0.0225331,-0.158601,-0.0403239]],[28,[0.986318,-0.0154815,-0.158805,-0.0414442]],[29,[0.986218,-0.0120463,-0.159071,-0.0438791]],[30,[0.985889,-0.0134939,-0.159591,-0.0487044]],[31,[0.985378,-0.0205972,-0.15959,-0.0560056]],[32,[0.984962,-0.0288,-0.158216,-0.0631603]],[33,[0.984947,-0.0329295,-0.15553,-0.0678644]],[34,[0.985148,-0.0341662,-0.152545,-0.0710317]],[35,[0.985344,-0.03245,-0.150942,-0.0725296]],[36,[0.985437,-0.0290424,-0.151125,-0.0723257]],[37,[0.985314,-0.0261285,-0.153023,-0.0711163]],[38,[0.984863,-0.0257709,-0.156434,-0.0700663]],[39,[0.984329,-0.0261699,-0.160167,-0.0689847]],[40,[0.983808,-0.0272998,-0.163305,-0.06861]],[41,[0.98358,-0.0285043,-0.164348,-0.0688972]],[42,[0.983617,-0.0290795,-0.163655,-0.06978]],[43,[0.98404,-0.0283555,-0.160655,-0.0710728]],[44,[0.984838,-0.025488,-0.155538,-0.0724786]],[45,[0.985849,-0.0205047,-0.148606,-0.0748123]],[46,[0.986885,-0.0137648,-0.141425,-0.0765946]],[47,[0.987995,-0.0077872,-0.134421,-0.0757363]],[48,[0.989001,-0.00397829,-0.128414,-0.0732918]],[49,[0.989881,-0.0030433,-0.123676,-0.0695011]],[50,[0.990671,-0.00359739,-0.120088,-0.0643266]],[51,[0.991405,-0.00376387,-0.116931,-0.0585597]],[52,[0.992008,-0.00369293,-0.114171,-0.0535877]],[53,[0.99246,-0.00418109,-0.111873,-0.0499079]],[54,[0.992753,-0.00684811,-0.110287,-0.0472452]],[55,[0.992725,-0.0125937,-0.111039,-0.0448174]],[56,[0.992312,-0.0216967,-0.114322,-0.0421606]],[57,[0.991403,-0.0317254,-0.120744,-0.0391715]],[58,[0.990197,-0.0395522,-0.128989,-0.0361665]],[59,[0.989196,-0.0404446,-0.136866,-0.033509]],[60,[0.988553,-0.0359553,-0.143089,-0.0315661]],[61,[0.988277,-0.0291361,-0.146539,-0.0313877]],[62,[0.988206,-0.0231132,-0.147907,-0.0322148]],[63,[0.988307,-0.0194082,-0.147405,-0.033819]],[64,[0.988408,-0.0177501,-0.146573,-0.0353616]],[65,[0.98853,-0.0163808,-0.145788,-0.0358696]]],"scalingkeys":[[0,[1,1,1]],[1,[1,1,1]],[2,[1,1,1]],[3,[1,1,1]],[4,[1,1,1]],[5,[1,1,1]],[6,[1,1,1]],[7,[1,1,1]],[8,[1,1,1]],[9,[1,1,1]],[10,[1,1,1]],[11,[1,1,1]],[12,[1,1,1]],[13,[1,1,1]],[14,[1,1,1]],[15,[1,1,1]],[16,[1,1,1]],[17,[1,1,1]],[18,[1,1,1]],[19,[1,1,1]],[20,[1,1,1]],[21,[1,1,1]],[22,[1,1,1]],[23,[1,1,1]],[24,[1,1,1]],[25,[1,1,1]],[26,[1,1,1]],[27,[1,1,1]],[28,[1,1,1]],[29,[1,1,1]],[30,[1,1,1]],[31,[1,1,1]],[32,[1,1,1]],[33,[1,1,1]],[34,[1,1,1]],[35,[1,1,1]],[36,[1,1,1]],[37,[1,1,1]],[38,[1,1,1]],[39,[1,1,1]],[40,[1,1,1]],[41,[1,1,1]],[42,[1,1,1]],[43,[1,1,1]],[44,[1,1,1]],[45,[1,1,1]],[46,[1,1,1]],[47,[1,1,1]],[48,[1,1,1]],[49,[1,1,1]],[50,[1,1,1]],[51,[1,1,1]],[52,[1,1,1]],[53,[1,1,1]],[54,[1,1,1]],[55,[1,1,1]],[56,[1,1,1]],[57,[1,1,1]],[58,[1,1,1]],[59,[1,1,1]],[60,[1,1,1]],[61,[1,1,1]],[62,[1,1,1]],[63,[1,1,1]],[64,[1,1,1]],[65,[1,1,1]]]},{"name":"mixamorig:Hips","prestate":0,"poststate":0,"positionkeys":[[0,[-0.592293,51.5745,1.43515]],[1,[-0.571173,51.6996,1.60045]],[2,[-0.511684,51.7899,1.84895]],[3,[-0.373267,51.8211,2.20386]],[4,[-0.1999,51.7873,2.47816]],[5,[-0.0426928,51.7291,2.62125]],[6,[0.102183,51.6516,2.70741]],[7,[0.245659,51.5704,2.74838]],[8,[0.385707,51.5027,2.76934]],[9,[0.512715,51.4469,2.78642]],[10,[0.616803,51.3899,2.79773]],[11,[0.716283,51.3257,3.05425]],[12,[0.795872,51.2721,3.33905]],[13,[0.86371,51.2199,3.6373]],[14,[0.922292,51.1769,3.94069]],[15,[0.951708,51.189,4.30047]],[16,[0.982222,51.186,4.65422]],[17,[1.06174,51.1235,4.93891]],[18,[1.20252,51.0228,5.16032]],[19,[1.3718,50.9155,5.32898]],[20,[1.54709,50.8307,5.42558]],[21,[1.68905,50.7884,5.38073]],[22,[1.7771,50.7828,5.15082]],[23,[1.78937,50.8061,4.75214]],[24,[1.71279,50.8233,4.26931]],[25,[1.53658,50.8169,3.76681]],[26,[1.26582,50.7586,3.27805]],[27,[0.950895,50.6421,2.82629]],[28,[0.640095,50.4961,2.45437]],[29,[0.339786,50.3717,2.21277]],[30,[0.0660894,50.3079,2.12336]],[31,[-0.0991332,50.3532,2.16111]],[32,[-0.158403,50.4935,2.2865]],[33,[-0.150245,50.6471,2.12657]],[34,[-0.113235,50.8116,2.02889]],[35,[-0.0664632,50.928,1.98949]],[36,[0.00571093,51.0112,2.02834]],[37,[0.101735,51.0709,2.12077]],[38,[0.213197,51.1254,2.20474]],[39,[0.323216,51.1572,2.25518]],[40,[0.347835,51.2116,2.24999]],[41,[0.315781,51.2755,2.24018]],[42,[0.287392,51.36,2.27377]],[43,[0.305135,51.4635,2.40642]],[44,[0.404716,51.5742,2.90138]],[45,[0.578197,51.6822,3.34942]],[46,[0.791695,51.763,3.73327]],[47,[1.00075,51.7924,4.05217]],[48,[1.17925,51.7645,4.32399]],[49,[1.32721,51.6873,4.56228]],[50,[1.44521,51.556,4.74459]],[51,[1.54035,51.4234,4.82887]],[52,[1.61437,51.2926,4.76239]],[53,[1.666,51.1839,4.55457]],[54,[1.67455,51.1079,4.23288]],[55,[1.62014,51.0749,3.8351]],[56,[1.48888,51.0842,3.41625]],[57,[1.26671,51.1173,2.95779]],[58,[0.957769,51.1428,2.4293]],[59,[0.579891,51.1386,1.86641]],[60,[0.187389,51.1214,1.34324]],[61,[-0.15158,51.1241,1.00446]],[62,[-0.392916,51.1869,0.891749]],[63,[-0.525876,51.2889,0.971879]],[64,[-0.582804,51.4302,1.16938]],[65,[-0.592291,51.5745,1.43515]]],"rotationkeys":[[0,[0.831292,0.553934,-0.0263348,-0.0376467]],[1,[0.830409,0.554773,-0.0316336,-0.040584]],[2,[0.828448,0.557118,-0.0373035,-0.0436043]],[3,[0.824868,0.561808,-0.0436182,-0.0454015]],[4,[0.81983,0.568656,-0.0486931,-0.046247]],[5,[0.813864,0.576764,-0.0525467,-0.0469877]],[6,[0.807119,0.585719,-0.0563001,-0.0481812]],[7,[0.799698,0.595362,-0.0600268,-0.0492392]],[8,[0.791753,0.605479,-0.0632877,-0.0501663]],[9,[0.783568,0.615584,-0.0666535,-0.0513419]],[10,[0.77552,0.625295,-0.0696511,-0.052191]],[11,[0.767126,0.635201,-0.0725522,-0.0526643]],[12,[0.758914,0.644702,-0.0747552,-0.0531131]],[13,[0.751078,0.653609,-0.0762787,-0.0534719]],[14,[0.743742,0.661914,-0.0764673,-0.0535807]],[15,[0.737236,0.669324,-0.0747449,-0.0538677]],[16,[0.731626,0.675583,-0.0730124,-0.0545826]],[17,[0.726815,0.680639,-0.072845,-0.0562586]],[18,[0.723204,0.68407,-0.0742841,-0.0592112]],[19,[0.721085,0.685834,-0.0759386,-0.0624661]],[20,[0.720722,0.685846,-0.0769168,-0.0652614]],[21,[0.721966,0.684492,-0.0760713,-0.0666995]],[22,[0.724676,0.681812,-0.0740234,-0.0670677]],[23,[0.72919,0.6774,-0.0707137,-0.0664114]],[24,[0.736013,0.670462,-0.067393,-0.0649867]],[25,[0.745311,0.660628,-0.06437,-0.0627635]],[26,[0.757233,0.647476,-0.0617696,-0.0596454]],[27,[0.770807,0.631857,-0.0591825,-0.0557692]],[28,[0.784408,0.615589,-0.0561858,-0.0509671]],[29,[0.795747,0.601464,-0.0538587,-0.0461175]],[30,[0.803877,0.590991,-0.0527167,-0.0416264]],[31,[0.80842,0.585016,-0.0528844,-0.0376385]],[32,[0.810685,0.581951,-0.0538989,-0.0349056]],[33,[0.811562,0.580605,-0.0554306,-0.034533]],[34,[0.812402,0.579143,-0.0576444,-0.0356876]],[35,[0.813116,0.577647,-0.0607455,-0.0384117]],[36,[0.813423,0.576689,-0.0632644,-0.0420769]],[37,[0.812638,0.577294,-0.0650104,-0.0461073]],[38,[0.809997,0.580662,-0.0657467,-0.0491294]],[39,[0.806908,0.584761,-0.0657366,-0.0513102]],[40,[0.803534,0.589394,-0.0652561,-0.0518618]],[41,[0.799598,0.594788,-0.0654778,-0.0508176]],[42,[0.795032,0.601012,-0.0656615,-0.0489614]],[43,[0.789741,0.608053,-0.0654099,-0.0479842]],[44,[0.784005,0.615411,-0.0650309,-0.0487501]],[45,[0.778995,0.621571,-0.0646041,-0.0514148]],[46,[0.77464,0.626714,-0.0645314,-0.0547547]],[47,[0.770841,0.631001,-0.065382,-0.0580328]],[48,[0.767443,0.634857,-0.0662872,-0.0599398]],[49,[0.764389,0.638449,-0.0668698,-0.0601812]],[50,[0.76251,0.64081,-0.0669922,-0.0587579]],[51,[0.7619,0.641811,-0.0663452,-0.0564284]],[52,[0.762858,0.640946,-0.0656325,-0.0541134]],[53,[0.764921,0.638701,-0.0648443,-0.0524644]],[54,[0.768208,0.634978,-0.0633553,-0.0514311]],[55,[0.772583,0.630025,-0.0606751,-0.0500196]],[56,[0.778069,0.623904,-0.0558616,-0.0472418]],[57,[0.784703,0.616451,-0.0487428,-0.043052]],[58,