{"__metadata__":{"format":"assimp2json","version":100},"rootnode":{"name":"RootNode","transformation":[1,0,0,0,0,1,0,0,0,0,1,0,0,0,0,1],"children":[{"name":"mixamorig:Hips","transformation":[1,0,0,0,0,1,0,84.6522,0,0,1,0,0,0,0,1],"children":[{"name":"mixamorig:Spine_$AssimpFbx$_Translation","transformation":[1,0,0,0,0,1,0,7.722,0,0,1,1.1662,0,0,0,1],"children":[{"name":"mixamorig:Spine_$AssimpFbx$_PreRotation","transformation":[1,-7.29915e-05,1.24643e-05,0,7.33038e-05,0.999629,-0.0272325,0,-1.0472e-05,0.0272325,0.999629,0,0,0,0,1],"children":[{"name":"mixamorig:Spine","transformation":[1,0,0,0,0,1,0,0,0,0,1,0,0,0,0,1],"children":[{"name":"mixamorig:Spine1_$AssimpFbx$_Translation","transformation":[1,0,0,-0,0,1,0,9.5984,0,0,1,-0,0,0,0,1],"children":[{"name":"mixamorig:Spine1_$AssimpFbx$_PreRotation","transformation":[1,1.74066e-06,1.27627e-07,0,-1.74533e-06,0.997323,0.0731251,0,0,-0.0731251,0.997323,0,0,0,0,1],"children":[{"name":"mixamorig:Spine1","transformation":[1,0,0,0,0,1,0,0,0,0,1,0,0,0,0,1],"children":[{"name":"mixamorig:Spine2_$AssimpFbx$_Translation","transformation":[1,0,0,-0,0,1,0,11.0482,0,0,1,0,0,0,0,1],"children":[{"name":"mixamorig:Spine2_$AssimpFbx$_PreRotation","transformation":[1,7.46492e-05,-1.04216e-05,0,-7.50492e-05,0.998944,-0.0459383,0,6.98132e-06,0.0459383,0.998944,0,0,0,0,1],"children":[{"name":"mixamorig:Spine2","transformation":[1,0,0,0,0,1,0,0,0,0,1,0,0,0,0,1],"children":[{"name":"mixamorig:Neck","transformation":[1,0,0,-0.0016,0,1,0,21.6844,0,0,1,-3.0966,0,0,0,1],"children":[{"name":"mixamorig:Head","transformation":[1,0,0,-0.0007,0,1,0,8.9184,0,0,1,1.0073,0,0,0,1],"children":[{"name":"mixamorig:HeadTop_End","transformation":[1,0,0,-0.0046,0,1,0,62.363,0,0,1,0.0766,0,0,0,1]}]}]},{"name":"mixamorig:LeftShoulder_$AssimpFbx$_Translation","transformation":[1,0,0,4.2174,0,1,0,16.5609,0,0,1,-4.0611,0,0,0,1],"children":[{"name":"mixamorig:LeftShoulder_$AssimpFbx$_PreRotation","transformation":[-0.30118,0.94531,0.125215,0,-0.0380115,0.119306,-0.99213,0,-0.952809,-0.303569,1.32694e-08,0,0,0,0,1],"children":[{"name":"mixamorig:LeftShoulder_$AssimpFbx$_Rotation","transformation":[1,3.69488e-10,-1.08499e-05,0,0,1,3.40545e-05,0,1.08499e-05,-3.40545e-05,1,0,0,0,0,1],"children":[{"name":"mixamorig:LeftShoulder","transformation":[1,0,0,0,0,1,0,0,0,0,1,0,0,0,0,1],"children":[{"name":"mixamorig:LeftArm_$AssimpFbx$_Translation","transformation":[1,0,0,0,0,1,0,5.6077,0,0,1,-0,0,0,0,1],"children":[{"name":"mixamorig:LeftArm_$AssimpFbx$_PreRotation","transformation":[0.952809,-0.30118,0.0380116,0,0.303569,0.94531,-0.119306,0,0,0.125215,0.99213,0,0,0,0,1],"children":[{"name":"mixamorig:LeftArm_$AssimpFbx$_Rotation","transformation":[1,-9.79243e-08,3.36824e-12,0,9.79243e-08,1,-3.43964e-05,0,0,3.43964e-05,1,0,0,0,0,1],"children":[{"name":"mixamorig:LeftArm","transformation":[1,0,0,0,0,1,0,0,0,0,1,0,0,0,0,1],"children":[{"name":"mixamorig:LeftForeArm","transformation":[1,0,0,0,0,1,0,21.8692,0,0,1,0,0,0,0,1],"children":[{"name":"mixamorig:LeftHand","transformation":[1,-0.000568294,0.000370371,0,0.000568626,0.999999,-0.000898265,23.8653,-0.000369861,0.000898475,1,0,0,0,0,1],"children":[{"name":"mixamorig:LeftHandThumb1_$AssimpFbx$_Translation","transformation":[1,0,0,-3.1073,0,1,0,4.3773,0,0,1,2.0787,0,0,0,1],"children":[{"name":"mixamorig:LeftHandThumb1_$AssimpFbx$_PreRotation","transformation":[0.859264,-0.44838,0.246214,0,0.511032,0.773744,-0.374388,0,-0.0226385,0.447521,0.893987,0,0,0,0,1],"children":[{"name":"mixamorig:LeftHandThumb1_$AssimpFbx$_Rotation","transformation":[0.999998,0.00203562,1.27713e-06,0,-0.00203562,0.999997,0.00125478,0,1.27713e-06,-0.00125478,0.999999,0,0,0,0,1],"children":[{"name":"mixamorig:LeftHandThumb1","transformation":[1,0,0,0,0,1,0,0,0,0,1,0,0,0,0,1],"children":[{"name":"mixamorig:LeftHandThumb2","transformation":[1,0,0,0,0,1,0,4.0213,0,0,1,0,0,0,0,1],"children":[{"name":"mixamorig:LeftHandThumb3","transformation":[1,0,0,0,0,1,0,3.9527,0,0,1,0,0,0,0,1],"children":[{"name":"mixamorig:LeftHandThumb4","transformation":[1,0,0,0,0,1,0,4.3861,0,0,1,0,0,0,0,1]}]}]}]}]}]}]},{"name":"mixamorig:LeftHandIndex1","transformation":[1,0.000570372,2.56172e-07,-3.7288,-0.000570372,0.999999,0.000898265,12.1491,2.56172e-07,-0.000898265,1,0.6793,0,0,0,1],"children":[{"name":"mixamorig:LeftHandIndex2","transformation":[1,0,0,0,0,1,0,3.2781,0,0,1,0,0,0,0,1],"children":[{"name":"mixamorig:LeftHandIndex3","transformation":[1,0,0,0,0,1,0,3.3335,0,0,1,0,0,0,0,1],"children":[{"name":"mixamorig:LeftHandIndex4","transformation":[1,0,0,0,0,1,0,3.6405,0,0,1,0,0,0,0,1]}]}]}]},{"name":"mixamorig:LeftHandMiddle1","transformation":[1,0.000570372,2.56172e-07,0.0069,-0.000570372,0.999999,0.000898265,12.1345,2.56172e-07,-0.000898265,1,-0.0109,0,0,0,1],"children":[{"name":"mixamorig:LeftHandMiddle2","transformation":[1,0,0,0,0,1,0,3.4183,0,0,1,0,0,0,0,1],"children":[{"name":"mixamorig:LeftHandMiddle3","transformation":[1,0,0,0,0,1,0,3.2986,0,0,1,0,0,0,0,1],"children":[{"name":"mixamorig:LeftHandMiddle4","transformation":[1,0,0,0,0,1,0,4.8581,0,0,1,0,0,0,0,1]}]}]}]},{"name":"mixamorig:LeftHandRing1","transformation":[1,0.000570372,2.56172e-07,2.9987,-0.000570372,0.999999,0.000898265,12.3292,2.56172e-07,-0.000898265,1,-0.1069,0,0,0,1],"children":[{"name":"mixamorig:LeftHandRing2","transformation":[1,0,0,0,0,1,0,3.0586,0,0,1,0,0,0,0,1],"children":[{"name":"mixamorig:LeftHandRing3","transformation":[1,0,0,0,0,1,0,3.2895,0,0,1,0,0,0,0,1],"children":[{"name":"mixamorig:LeftHandRing4","transformation":[1,0,0,0,0,1,0,4.0937,0,0,1,0,0,0,0,1]}]}]}]},{"name":"mixamorig:LeftHandPinky1","transformation":[1,0.000570372,2.56172e-07,5.7315,-0.000570372,0.999999,0.000898265,11.3855,2.56172e-07,-0.000898265,1,0.7701,0,0,0,1],"children":[{"name":"mixamorig:LeftHandPinky2","transformation":[1,0,0,0,0,1,0,2.8562,0,0,1,0,0,0,0,1],"children":[{"name":"mixamorig:LeftHandPinky3","transformation":[1,0,0,0,0,1,0,2.868,0,0,1,0,0,0,0,1],"children":[{"name":"mixamorig:LeftHandPinky4","transformation":[1,0,0,0,0,1,0,2.9502,0,0,1,0,0,0,0,1]}]}]}]}]}]}]}]}]}]}]}]}]}]},{"name":"mixamorig:RightShoulder_$AssimpFbx$_Translation","transformation":[1,0,0,-4.2174,0,1,0,16.5613,0,0,1,-4.0611,0,0,0,1],"children":[{"name":"mixamorig:RightShoulder_$AssimpFbx$_PreRotation","transformation":[-0.30118,-0.945311,-0.12521,0,0.03801,0.119302,-0.99213,0,0.952809,-0.303569,-1.32694e-08,0,0,0,0,1],"children":[{"name":"mixamorig:RightShoulder_$AssimpFbx$_Rotation","transformation":[1,-3.69484e-10,-1.08498e-05,0,0,1,-3.40543e-05,0,1.08498e-05,3.40543e-05,1,0,0,0,0,1],"children":[{"name":"mixamorig:RightShoulder","transformation":[1,0,0,0,0,1,0,0,0,0,1,0,0,0,0,1],"children":[{"name":"mixamorig:RightArm_$AssimpFbx$_Translation","transformation":[1,0,0,0,0,1,0,5.6077,0,0,1,0,0,0,0,1],"children":[{"name":"mixamorig:RightArm_$AssimpFbx$_PreRotation","transformation":[0.952809,0.30118,-0.03801,0,-0.303569,0.945311,-0.119302,0,0,0.12521,0.99213,0,0,0,0,1],"children":[{"name":"mixamorig:RightArm_$AssimpFbx$_Rotation","transformation":[1,-9.79243e-08,-3.36822e-12,0,9.79243e-08,1,3.43962e-05,0,0,-3.43962e-05,1,0,0,0,0,1],"children":[{"name":"mixamorig:RightArm","transformation":[1,0,0,0,0,1,0,0,0,0,1,0,0,0,0,1],"children":[{"name":"mixamorig:RightForeArm","transformation":[1,0,0,0,0,1,0,21.8692,0,0,1,0,0,0,0,1],"children":[{"name":"mixamorig:RightHand","transformation":[1,0.000568284,-0.000382978,0,-0.000568631,0.999999,-0.000906513,23.8653,0.000382463,0.000906731,1,0,0,0,0,1],"children":[{"name":"mixamorig:RightHandThumb1_$AssimpFbx$_Translation","transformation":[1,0,0,3.1073,0,1,0,4.3772,0,0,1,2.079,0,0,0,1],"children":[{"name":"mixamorig:RightHandThumb1_$AssimpFbx$_PreRotation","transformation":[0.860735,0.44836,-0.241058,0,-0.508761,0.773715,-0.377528,0,0.0172413,0.447593,0.894071,0,0,0,0,1],"children":[{"name":"mixamorig:RightHandThumb1_$AssimpFbx$_Rotation","transformation":[0.999998,-0.0020245,-1.3773e-06,0,0.0020245,0.999997,0.00136064,0,-1.37731e-06,-0.00136064,0.999999,0,0,0,0,1],"children":[{"name":"mixamorig:RightHandThumb1","transformation":[1,0,0,0,0,1,0,0,0,0,1,0,0,0,0,1],"children":[{"name":"mixamorig:RightHandThumb2_$AssimpFbx$_Translation","transformation":[1,0,0,-0,0,1,0,4.0215,0,0,1,0,0,0,0,1],"children":[{"name":"mixamorig:RightHandThumb2_$AssimpFbx$_PreRotation","transformation":[1,-5.23599e-06,-3.28987e-10,0,5.23599e-06,1,6.28319e-05,0,0,-6.28319e-05,1,0,0,0,0,1],"children":[{"name":"mixamorig:RightHandThumb2_$AssimpFbx$_Rotation","transformation":[1,5.23599e-06,-3.28987e-10,0,-5.23599e-06,1,-6.28319e-05,0,0,6.28319e-05,1,0,0,0,0,1],"children":[{"name":"mixamorig:RightHandThumb2","transformation":[1,0,0,0,0,1,0,0,0,0,1,0,0,0,0,1],"children":[{"name":"mixamorig:RightHandThumb3_$AssimpFbx$_Translation","transformation":[1,0,0,-0,0,1,0,3.9527,0,0,1,-0,0,0,0,1],"children":[{"name":"mixamorig:RightHandThumb3_$AssimpFbx$_PreRotation","transformation":[1,1.5708e-05,2.90605e-09,0,-1.5708e-05,1,0.000185005,0,0,-0.000185005,1,0,0,0,0,1],"children":[{"name":"mixamorig:RightHandThumb3_$AssimpFbx$_Rotation","transformation":[1,-1.5708e-05,2.90605e-09,0,1.5708e-05,1,-0.000185005,0,0,0.000185005,1,0,0,0,0,1],"children":[{"name":"mixamorig:RightHandThumb3","transformation":[1,0,0,0,0,1,0,0,0,0,1,0,0,0,0,1],"children":[{"name":"mixamorig:RightHandThumb4","transformation":[1,0,0,0,0,1,0,4.3856,0,0,1,0,0,0,0,1]}]}]}]}]}]}]}]}]}]}]}]}]},{"name":"mixamorig:RightHandIndex1","transformation":[1,-0.000570376,-2.58527e-07,3.7288,0.000570376,0.999999,0.000906513,12.1491,-2.58527e-07,-0.000906513,1,0.68,0,0,0,1],"children":[{"name":"mixamorig:RightHandIndex2","transformation":[1,0,0,0,0,1,0,3.2781,0,0,1,0,0,0,0,1],"children":[{"name":"mixamorig:RightHandIndex3","transformation":[1,0,0,0,0,1,0,3.3335,0,0,1,0,0,0,0,1],"children":[{"name":"mixamorig:RightHandIndex4","transformation":[1,0,0,0,0,1,0,3.6405,0,0,1,0,0,0,0,1]}]}]}]},{"name":"mixamorig:RightHandMiddle1","transformation":[1,-0.000572122,-2.59318e-07,-0.0069,0.000572122,0.999999,0.000906513,12.1344,-2.59318e-07,-0.000906513,1,-0.011,0,0,0,1],"children":[{"name":"mixamorig:RightHandMiddle2","transformation":[1,0,0,0,0,1,0,3.4184,0,0,1,0,0,0,0,1],"children":[{"name":"mixamorig:RightHandMiddle3","transformation":[1,0,0,0,0,1,0,3.2986,0,0,1,0,0,0,0,1],"children":[{"name":"mixamorig:RightHandMiddle4","transformation":[1,0,0,0,0,1,0,4.8581,0,0,1,0,0,0,0,1]}]}]}]},{"name":"mixamorig:RightHandRing1","transformation":[1,-0.000568631,-2.57736e-07,-2.9987,0.000568631,0.999999,0.000906513,12.3291,-2.57736e-07,-0.000906513,1,-0.107,0,0,0,1],"children":[{"name":"mixamorig:RightHandRing2","transformation":[1,0,0,0,0,1,0,3.0587,0,0,1,0,0,0,0,1],"children":[{"name":"mixamorig:RightHandRing3","transformation":[1,0,0,0,0,1,0,3.2895,0,0,1,0,0,0,0,1],"children":[{"name":"mixamorig:RightHandRing4","transformation":[1,0,0,0,0,1,0,4.0937,0,0,1,0,0,0,0,1]}]}]}]},{"name":"mixamorig:RightHandPinky1","transformation":[1,-0.000568631,-2.57736e-07,-5.7315,0.000568631,0.999999,0.000906513,11.3855,-2.57736e-07,-0.000906513,1,0.771,0,0,0,1],"children":[{"name":"mixamorig:RightHandPinky2","transformation":[1,0,0,0,0,1,0,2.8562,0,0,1,0,0,0,0,1],"children":[{"name":"mixamorig:RightHandPinky3","transformation":[1,0,0,0,0,1,0,2.868,0,0,1,0,0,0,0,1],"children":[{"name":"mixamorig:RightHandPinky4","transformation":[1,0,0,0,0,1,0,2.9502,0,0,1,0,0,0,0,1]}]}]}]}]}]}]}]}]}]}]}]}]}]},{"name":"mixamorig:Scart1_$AssimpFbx$_Translation","transformation":[1,0,0,5.4097,0,1,0,17.8196,0,0,1,5.0113,0,0,0,1],"children":[{"name":"mixamorig:Scart1_$AssimpFbx$_PreRotation","transformation":[0.999263,-0.0383843,3.35566e-09,0,-0.0383843,-0.999263,8.73584e-08,0,0,-8.74228e-08,-1,0,0,0,0,1],"children":[{"name":"mixamorig:Scart1","transformation":[1,0,0,0,0,1,0,0,0,0,1,0,0,0,0,1],"children":[{"name":"mixamorig:Scart2_$AssimpFbx$_Translation","transformation":[1,0,0,-0,0,1,0,9.1706,0,0,1,0,0,0,0,1],"children":[{"name":"mixamorig:Scart2_$AssimpFbx$_PreRotation","transformation":[0.981548,0.191213,0,0,-0.191213,0.981548,0,0,0,0,1,0,0,0,0,1],"children":[{"name":"mixamorig:Scart2","transformation":[1,0,0,0,0,1,0,0,0,0,1,0,0,0,0,1],"children":[{"name":"mixamorig:Scart3","transformation":[1,0,0,0,0,1,0,8.2989,0,0,1,0,0,0,0,1],"children":[{"name":"mixamorig:Scart4","transformation":[1,0,0,0,0,1,0,10.2847,0,0,1,0,0,0,0,1]}]}]}]}]}]}]}]}]}]}]}]}]}]}]}]}]},{"name":"mixamorig:LeftUpLeg_$AssimpFbx$_Translation","transformation":[1,0,0,8.267,0,1,0,-4.7955,0,0,1,-0.3791,0,0,0,1],"children":[{"name":"mixamorig:LeftUpLeg_$AssimpFbx$_PreRotation","transformation":[-1,7.33451e-05,-2.44631e-07,0,-7.33455e-05,-0.999994,0.00333532,0,0,0.00333532,0.999994,0,0,0,0,1],"children":[{"name":"mixamorig:LeftUpLeg_$AssimpFbx$_Rotation","transformation":[1,7.33204e-05,-2.44548e-07,0,-7.33204e-05,1,1.79304e-11,0,2.44548e-07,0,1,0,0,0,0,1],"children":[{"name":"mixamorig:LeftUpLeg","transformation":[1,0,0,0,0,1,0,0,0,0,1,0,0,0,0,1],"children":[{"name":"mixamorig:LeftLeg_$AssimpFbx$_Translation","transformation":[1,0,0,-0,0,1,0,33.8315,0,0,1,-0,0,0,0,1],"children":[{"name":"mixamorig:LeftLeg_$AssimpFbx$_PreRotation","transformation":[1,3.48164e-06,2.50795e-07,0,-3.49066e-06,0.997416,0.0718473,0,0,-0.0718473,0.997416,0,0,0,0,1],"children":[{"name":"mixamorig:LeftLeg","transformation":[1,0,0,0,0,1,0,0,0,0,1,0,0,0,0,1],"children":[{"name":"mixamorig:LeftFoot_$AssimpFbx$_Translation","transformation":[1,0,0,0,0,1,0,33.2721,0,0,1,0,0,0,0,1],"children":[{"name":"mixamorig:LeftFoot_$AssimpFbx$_PreRotation","transformation":[0.998696,-0.0498243,-0.011113,0,0.0223811,0.62301,-0.781894,0,0.0458808,0.780626,0.623313,0,0,0,0,1],"children":[{"name":"mixamorig:LeftFoot_$AssimpFbx$_Rotation","transformation":[1,-4.95225e-05,5.39717e-05,0,4.95227e-05,1,-3.24233e-06,0,-5.39715e-05,3.24501e-06,1,0,0,0,0,1],"children":[{"name":"mixamorig:LeftFoot","transformation":[1,0,0,0,0,1,0,0,0,0,1,0,0,0,0,1],"children":[{"name":"mixamorig:LeftToeBase_$AssimpFbx$_Translation","transformation":[1,0,0,0,0,1,0,19,0,0,1,-0,0,0,0,1],"children":[{"name":"mixamorig:LeftToeBase_$AssimpFbx$_PreRotation","transformation":[0.999649,0.00703283,-0.0255385,0,-0.0224269,0.737767,-0.674682,0,0.0140966,0.675019,0.737666,0,0,0,0,1],"children":[{"name":"mixamorig:LeftToeBase","transformation":[1,0,0,0,0,1,0,0,0,0,1,0,0,0,0,1],"children":[{"name":"mixamorig:LeftToe_End","transformation":[1,0,0,0,0,1,0,13.6188,0,0,1,0,0,0,0,1]}]}]}]}]}]}]}]}]}]}]}]}]}]}]},{"name":"mixamorig:RightUpLeg_$AssimpFbx$_Translation","transformation":[1,0,0,-8.267,0,1,0,-4.7955,0,0,1,-0.3791,0,0,0,1],"children":[{"name":"mixamorig:RightUpLeg_$AssimpFbx$_PreRotation","transformation":[-1,-7.66829e-05,2.55763e-07,0,7.66834e-05,-0.999994,0.00333532,0,0,0.00333532,0.999994,0,0,0,0,1],"children":[{"name":"mixamorig:RightUpLeg_$AssimpFbx$_Rotation","transformation":[1,-7.33204e-05,2.44548e-07,0,7.33204e-05,1,1.79304e-11,0,-2.44548e-07,0,1,0,0,0,0,1],"children":[{"name":"mixamorig:RightUpLeg","transformation":[1,0,0,0,0,1,0,0,0,0,1,0,0,0,0,1],"children":[{"name":"mixamorig:RightLeg_$AssimpFbx$_Translation","transformation":[1,0,0,0,0,1,0,33.8315,0,0,1,-0,0,0,0,1],"children":[{"name":"mixamorig:RightLeg_$AssimpFbx$_PreRotation","transformation":[1,-3.48164e-06,-2.50795e-07,0,3.49066e-06,0.997416,0.0718473,0,0,-0.0718473,0.997416,0,0,0,0,1],"children":[{"name":"mixamorig:RightLeg","transformation":[1,0,0,0,0,1,0,0,0,0,1,0,0,0,0,1],"children":[{"name":"mixamorig:RightFoot_$AssimpFbx$_Translation","transformation":[1,0,0,-0,0,1,0,33.272,0,0,1,0,0,0,0,1],"children":[{"name":"mixamorig:RightFoot_$AssimpFbx$_PreRotation","transformation":[0.998696,0.0498234,0.0111171,0,-0.0223776,0.623015,-0.781889,0,-0.0458826,0.780621,0.623318,0,0,0,0,1],"children":[{"name":"mixamorig:RightFoot_$AssimpFbx$_Rotation","transformation":[1,4.95229e-05,-5.39714e-05,0,-4.9523e-05,1,-3.24248e-06,0,5.39712e-05,3.24515e-06,1,0,0,0,0,1],"children":[{"name":"mixamorig:RightFoot","transformation":[1,0,0,0,0,1,0,0,0,0,1,0,0,0,0,1],"children":[{"name":"mixamorig:RightToeBase_$AssimpFbx$_Translation","transformation":[1,0,0,-0,0,1,0,19,0,0,1,0,0,0,0,1],"children":[{"name":"mixamorig:RightToeBase_$AssimpFbx$_PreRotation","transformation":[0.999649,-0.00703421,0.0255397,0,0.0224286,0.73777,-0.67468,0,-0.0140966,0.675016,0.737668,0,0,0,0,1],"children":[{"name":"mixamorig:RightToeBase","transformation":[1,0,0,0,0,1,0,0,0,0,1,0,0,0,0,1],"children":[{"name":"mixamorig:RightToe_End","transformation":[1,0,0,0,0,1,0,13.619,0,0,1,0,0,0,0,1]}]}]}]}]}]}]}]}]}]}]}]}]}]}]}]}]},"flags":9,"animations":[{"name":"mixamo.com","tickspersecond":30,"duration":1,"channels":[{"name":"mixamorig:Head","prestate":0,"poststate":0,"positionkeys":[[0,[-0.0007,8.9184,1.0073]]],"rotationkeys":[[0,[0.994768,-0.0506356,-0.0861559,-0.0212184]]],"scalingkeys":[[0,[1,1,1]]]},{"name":"mixamorig:Hips","prestate":0,"poststate":0,"positionkeys":[[0,[-0.184983,45.3842,-0.00749171]],[1,[-0.184983,45.3842,-0.00749171]]],"rotationkeys":[[0,[0.972864,-0.227708,0.00363562,0.0408736]],[1,[0.972864,-0.227708,0.00363562,0.0408736]]],"scalingkeys":[[0,[1,1,1]],[1,[1,1,1]]]},{"name":"mixamorig:LeftArm","prestate":0,"poststate":0,"positionkeys":[[0,[0,5.6077,0]]],"rotationkeys":[[0,[0.672849,0.162595,-0.721266,0.0247644]]],"scalingkeys":[[0,[1,1,1]]]},{"name":"mixamorig:LeftFoot","prestate":0,"poststate":0,"positionkeys":[[0,[0,33.2721,0]]],"rotationkeys":[[0,[0.988626,0.140693,-0.0259229,-0.0463962]]],"scalingkeys":[[0,[1,1,1]]]},{"name":"mixamorig:LeftForeArm","prestate":0,"poststate":0,"positionkeys":[[0,[0,21.8692,0]]],"rotationkeys":[[0,[0.47998,0.041132,-0.0225365,0.876025]]],"scalingkeys":[[0,[1,1,1]]]},{"name":"mixamorig:LeftHand","prestate":0,"poststate":0,"positionkeys":[[0,[0,23.8653,0]]],"rotationkeys":[[0,[0.860631,0.0809013,-0.501802,0.0310478]]],"scalingkeys":[[0,[1,1,1]]]},{"name":"mixamorig:LeftHandIndex1","prestate":0,"poststate":0,"positionkeys":[[0,[-3.7288,12.1491,0.6793]]],"rotationkeys":[[0,[0.997311,-0.0674453,-0.00203927,0.0285807]]],"scalingkeys":[[0,[1,1,1]]]},{"name":"mixamorig:LeftHandIndex2","prestate":0,"poststate":0,"positionkeys":[[0,[0,3.2781,0]]],"rotationkeys":[[0,[0.976026,0.216126,0.000999881,-0.0257463]]],"scalingkeys":[[0,[1,1,1]]]},{"name":"mixamorig:LeftHandIndex3","prestate":0,"poststate":0,"positionkeys":[[0,[0,3.3335,0]]],"rotationkeys":[[0,[0.999577,0.0168822,-0.000876364,-0.0236599]]],"scalingkeys":[[0,[1,1,1]]]},{"name":"mixamorig:LeftHandMiddle1","prestate":0,"poststate":0,"positionkeys":[[0,[0.0069,12.1345,-0.0109]]],"rotationkeys":[[0,[0.987622,0.145013,0.00156853,-0.0597678]]],"scalingkeys":[[0,[1,1,1]]]},{"name":"mixamorig:LeftHandMiddle2","prestate":0,"poststate":0,"positionkeys":[[0,[0,3.4183,0]]],"rotationkeys":[[0,[0.962678,0.265318,-0.0031834,-0.0533597]]],"scalingkeys":[[0,[1,1,1]]]},{"name":"mixamorig:LeftHandMiddle3","prestate":0,"poststate":0,"positionkeys":[[0,[0,3.2986,0]]],"rotationkeys":[[0,[0.985733,0.167684,0.000717119,-0.0145327]]],"scalingkeys":[[0,[1,1,1]]]},{"name":"mixamorig:LeftHandPinky1","prestate":0,"poststate":0,"positionkeys":[[0,[5.7315,11.3855,0.7701]]],"rotationkeys":[[0,[0.906089,0.357044,-0.0964879,-0.205457]]],"scalingkeys":[[0,[1,1,1]]]},{"name":"mixamorig:LeftHandPinky2","prestate":0,"poststate":0,"positionkeys":[[0,[0,2.8562,0]]],"rotationkeys":[[0,[0.748804,0.659559,0.0216381,-0.0617015]]],"scalingkeys":[[0,[1,1,1]]]},{"name":"mixamorig:LeftHandPinky3","prestate":0,"poststate":0,"positionkeys":[[0,[0,2.868,0]]],"rotationkeys":[[0,[0.855744,0.51479,-0.0183715,-0.0485358]]],"scalingkeys":[[0,[1,1,1]]]},{"name":"mixamorig:LeftHandRing1","prestate":0,"poststate":0,"positionkeys":[[0,[2.9987,12.3292,-0.1069]]],"rotationkeys":[[0,[0.959595,0.260157,-0.00271714,-0.107181]]],"scalingkeys":[[0,[1,1,1]]]},{"name":"mixamorig:LeftHandRing2","prestate":0,"poststate":0,"positionkeys":[[0,[0,3.0586,0]]],"rotationkeys":[[0,[0.925399,0.374623,0.00252322,-0.057339]]],"scalingkeys":[[0,[1,1,1]]]},{"name":"mixamorig:LeftHandRing3","prestate":0,"poststate":0,"positionkeys":[[0,[0,3.2895,0]]],"rotationkeys":[[0,[0.951652,0.301969,-0.00186193,-0.0562933]]],"scalingkeys":[[0,[1,1,1]]]},{"name":"mixamorig:LeftHandThumb1","prestate":0,"poststate":0,"positionkeys":[[0,[-3.1073,4.3773,2.0787]]],"rotationkeys":[[0,[0.964163,0.105753,0.0197368,0.242521]]],"scalingkeys":[[0,[1,1,1]]]},{"name":"mixamorig:LeftHandThumb2","prestate":0,"poststate":0,"positionkeys":[[0,[0,4.0213,0]]],"rotationkeys":[[0,[0.975926,-0.0371851,0.000710434,-0.214906]]],"scalingkeys":[[0,[1,1,1]]]},{"name":"mixamorig:LeftHandThumb3","prestate":0,"poststate":0,"positionkeys":[[0,[0,3.9527,0]]],"rotationkeys":[[0,[0.988848,-0.0424958,-0.00174362,-0.142725]]],"scalingkeys":[[0,[1,1,1]]]},{"name":"mixamorig:LeftLeg","prestate":0,"poststate":0,"positionkeys":[[0,[0,33.8315,0]]],"rotationkeys":[[0,[0.731175,-0.681846,0.0156149,-0.0150105]]],"scalingkeys":[[0,[1,1,1]]]},{"name":"mixamorig:LeftShoulder","prestate":0,"poststate":0,"positionkeys":[[0,[4.2174,16.5609,-4.0611]]],"rotationkeys":[[0,[0.661857,0.199183,0.656025,-0.303154]]],"scalingkeys":[[0,[1,1,1]]]},{"name":"mixamorig:LeftToeBase","prestate":0,"poststate":0,"positionkeys":[[0,[0,19,0]]],"rotationkeys":[[0,[0.791267,0.611008,-0.0222652,-0.00839253]]],"scalingkeys":[[0,[1,1,1]]]},{"name":"mixamorig:LeftUpLeg","prestate":0,"poststate":0,"positionkeys":[[0,[8.267,-4.7955,-0.3791]]],"rotationkeys":[[0,[0.166603,-0.111968,0.611594,0.765284]]],"scalingkeys":[[0,[1,1,1]]]},{"name":"mixamorig:Neck","prestate":0,"poststate":0,"positionkeys":[[0,[-0.0016,21.6844,-3.0966]]],"rotationkeys":[[0,[0.981771,0.166474,-0.0917191,0.000109982]]],"scalingkeys":[[0,[1,1,1]]]},{"name":"mixamorig:RightArm","prestate":0,"poststate":0,"positionkeys":[[0,[0,5.6077,0]]],"rotationkeys":[[0,[0.675413,0.0975773,0.729913,-0.0390321]]],"scalingkeys":[[0,[1,1,1]]]},{"name":"mixamorig:RightFoot","prestate":0,"poststate":0,"positionkeys":[[0,[0,33.272,0]]],"rotationkeys":[[0,[0.988628,0.149105,0.00989286,-0.0168683]]],"scalingkeys":[[0,[1,1,1]]]},{"name":"mixamorig:RightForeArm","prestate":0,"poststate":0,"positionkeys":[[0,[0,21.8692,0]]],"rotationkeys":[[0,[-0.381405,-0.0472277,-0.0195178,0.922994]]],"scalingkeys":[[0,[1,1,1]]]},{"name":"mixamorig:RightHand","prestate":0,"poststate":0,"positionkeys":[[0,[0,23.8653,0]]],"rotationkeys":[[0,[0.938095,0.0232907,0.333642,-0.0901015]]],"scalingkeys":[[0,[1,1,1]]]},{"name":"mixamorig:RightHandIndex1","prestate":0,"poststate":0,"positionkeys":[[0,[3.7288,12.1491,0.68]]],"rotationkeys":[[0,[0.996714,0.0715101,-0.0182082,0.0333989]]],"scalingkeys":[[0,[1,1,1]]]},{"name":"mixamorig:RightHandIndex2","prestate":0,"poststate":0,"positionkeys":[[0,[0,3.2781,0]]],"rotationkeys":[[0,[0.986494,0.161321,0.0219991,0.017902]]],"scalingkeys":[[0,[1,1,1]]]},{"name":"mixamorig:RightHandIndex3","prestate":0,"poststate":0,"positionkeys":[[0,[0,3.3335,0]]],"rotationkeys":[[0,[0.991105,0.125135,0.0217074,0.0397531]]],"scalingkeys":[[0,[1,1,1]]]},{"name":"mixamorig:RightHandMiddle1","prestate":0,"poststate":0,"positionkeys":[[0,[-0.0069,12.1344,-0.011]]],"rotationkeys":[[0,[0.991612,0.118038,0.0230497,0.0473398]]],"scalingkeys":[[0,[1,1,1]]]},{"name":"mixamorig:RightHandMiddle2","prestate":0,"poststate":0,"positionkeys":[[0,[0,3.4184,0]]],"rotationkeys":[[0,[0.971672,0.232155,0.00814135,0.0435011]]],"scalingkeys":[[0,[1,1,1]]]},{"name":"mixamorig:RightHandMiddle3","prestate":0,"poststate":0,"positionkeys":[[0,[0,3.2986,0]]],"rotationkeys":[[0,[0.994807,0.101154,0.00670324,0.00900701]]],"scalingkeys":[[0,[1,1,1]]]},{"name":"mixamorig:RightHandPinky1","prestate":0,"poststate":0,"positionkeys":[[0,[-5.7315,11.3855,0.771]]],"rotationkeys":[[0,[0.972144,0.205005,0.0749656,0.0853817]]],"scalingkeys":[[0,[1,1,1]]]},{"name":"mixamorig:RightHandPinky2","prestate":0,"poststate":0,"positionkeys":[[0,[0,2.8562,0]]],"rotationkeys":[[0,[0.950516,0.295514,-0.0824255,0.0489476]]],"scalingkeys":[[0,[1,1,1]]]},{"name":"mixamorig:RightHandPinky3","prestate":0,"poststate":0,"positionkeys":[[0,[0,2.868,0]]],"rotationkeys":[[0,[0.989466,0.130835,-0.0518653,0.0339098]]],"scalingkeys":[[0,[1,1,1]]]},{"name":"mixamorig:RightHandRing1","prestate":0,"poststate":0,"positionkeys":[[0,[-2.9987,12.3291,-0.107]]],"rotationkeys":[[0,[0.99051,0.0961071,0.0513334,0.0837795]]],"scalingkeys":[[0,[1,1,1]]]},{"name":"mixamorig:RightHandRing2","prestate":0,"poststate":0,"positionkeys":[[0,[0,3.0587,0]]],"rotationkeys":[[0,[0.957534,0.284012,-0.0235737,0.0437039]]],"scalingkeys":[[0,[1,1,1]]]},{"name":"mixamorig:RightHandRing3","prestate":0,"poststate":0,"positionkeys":[[0,[0,3.2895,0]]],"rotationkeys":[[0,[0.990375,0.134429,-0.0144974,0.0296075]]],"scalingkeys":[[0,[1,1,1]]]},{"name":"mixamorig:RightHandThumb1","prestate":0,"poststate":0,"positionkeys":[[0,[3.1073,4.3772,2.079]]],"rotationkeys":[[0,[0.943934,0.107446,-0.236165,-0.204131]]],"scalingkeys":[[0,[1,1,1]]]},{"name":"mixamorig:RightHandThumb2","prestate":0,"poststate":0,"positionkeys":[[0,[0,4.0215,0]]],"rotationkeys":[[0,[0.960925,0.0444637,0.17575,0.209184]]],"scalingkeys":[[0,[1,1,1]]]},{"name":"mixamorig:RightHandThumb3","prestate":0,"poststate":0,"positionkeys":[[0,[0,3.9527,0]]],"rotationkeys":[[0,[0.997465,-0.007884,0.0707255,0.000569486]]],"scalingkeys":[[0,[1,1,1]]]},{"name":"mixamorig:RightLeg","prestate":0,"poststate":0,"positionkeys":[[0,[0,33.8315,0]]],"rotationkeys":[[0,[0.704799,-0.709383,0.00414995,-0.00416748]]],"scalingkeys":[[0,[1,1,1]]]},{"name":"mixamorig:RightShoulder","prestate":0,"poststate":0,"positionkeys":[[0,[-4.2174,16.5613,-4.0611]]],"rotationkeys":[[0,[0.659444,0.201116,-0.630934,0.355821]]],"scalingkeys":[[0,[1,1,1]]]},{"name":"mixamorig:RightToeBase","prestate":0,"poststate":0,"positionkeys":[[0,[0,19,0]]],"rotationkeys":[[0,[0.894203,0.44735,0.0145612,0.00813653]]],"scalingkeys":[[0,[1,1,1]]]},{"name":"mixamorig:RightUpLeg","prestate":0,"poststate":0,"positionkeys":[[0,[-8.267,-4.7955,-0.3791]]],"rotationkeys":[[0,[-0.143411,-0.0931898,0.736241,0.654751]]],"scalingkeys":[[0,[1,1,1]]]},{"name":"mixamorig:Spine","prestate":0,"poststate":0,"positionkeys":[[0,[0,7.722,1.1662]]],"rotationkeys":[[0,[0.976896,0.213056,-0.012519,-0.0111642]]],"scalingkeys":[[0,[1,1,1]]]},{"name":"mixamorig:Spine1","prestate":0,"poststate":0,"positionkeys":[[0,[0,9.5984,0]]],"rotationkeys":[[0,[0.999256,0.00890736,-0.0176793,-0.0330915]]],"scalingkeys":[[0,[1,1,1]]]},{"name":"mixamorig:Spine2","prestate":0,"poststate":0,"positionkeys":[[0,[0,11.0482,0]]],"rotationkeys":[[0,[0.997258,-0.0641733,-0.0204928,-0.0306234]]],"scalingkeys":[[0,[1,1,1]]]}]}]}